1	7	
2	8	
3	9	
4	10	
5	11	
6	12	
7	13	
8	14	
9	15	
10	16	
11	17	
12	18	
13	19	
14	20	
15	21	
16	22	
17	23	
18	24	
19	25	
20	26	
21	27	
22	28	
23	29	
24	31	
25	32	
26	33	
27	34	
28	35	
29	36	
30	37	
31	38	
32	41	
33	42	
34	43	
35	44	
36	45	
37	46	
38	47	
39	48	
40	50	
41	51	
42	52	
43	53	
44	56	
45	57	
46	58	
47	59	
48	60	
49	61	
50	62	
51	63	
52	64	
53	66	
54	67	
55	68	
56	69	
57	70	
58	72	
59	73	
60	74	
61	75	
62	76	
63	77	
64	78	
65	79	
66	80	
67	81	
68	82	
69	83	
70	84	
71	85	
72	86	
73	87	
74	88	
75	89	
76	90	
77	91	
78	92	
79	93	
80	94	
81	95	
82	96	
83	97	
84	98	
85	99	
86	100	
87	101	
88	102	
89	103	
90	104	
91	105	
92	106	
93	107	
94	108	
95	110	
96	111	
97	112	
98	113	
99	114	
100	115	
101	116	
102	118	
103	119	
104	120	
105	121	
106	122	
107	123	
108	124	
109	125	
110	127	
111	128	
112	129	
113	130	
114	131	
115	132	
116	133	
117	134	
118	135	
119	136	
120	137	
121	138	
122	140	
123	141	
124	142	
125	143	
126	144	
127	145	
128	146	
129	147	
130	148	
131	150	
132	151	
133	152	
134	153	
135	154	
136	155	
137	156	
138	157	
139	158	
140	159	
141	160	
142	161	
143	162	
144	163	
145	165	
146	166	
147	167	
148	168	
149	169	
150	170	
151	172	
152	173	
153	174	
154	175	
155	176	
156	177	
157	178	
158	179	
159	180	
160	181	
161	182	
162	183	
163	185	
164	186	
165	187	
166	188	
167	189	
168	190	
169	191	
170	192	
171	193	
172	194	
173	195	
174	196	
175	197	
176	199	
177	200	
178	201	
179	202	
180	203	
181	204	
182	205	
183	206	
184	211	
185	212	
186	213	
187	214	
188	215	
189	216	
190	217	
191	219	
192	220	
193	221	
194	222	
195	223	
196	224	
197	225	
198	226	
199	227	
200	228	
201	229	
202	230	
203	231	
204	232	
205	233	
206	234	
207	235	
208	236	
209	237	
210	238	
211	239	
212	240	
213	242	
214	243	
215	244	
216	245	
217	246	
218	247	
219	248	
220	249	
221	250	
222	251	
223	252	
224	253	
225	254	
226	255	
227	256	
228	257	
229	258	
230	259	
231	260	
232	261	
233	262	
234	263	
235	264	
236	265	
237	266	
238	267	
239	268	
240	269	
241	270	
242	271	
243	272	
244	273	
245	274	
246	275	
247	276	
248	279	
249	280	
250	281	
251	282	
252	283	
253	284	
254	285	
255	286	
256	287	
257	288	
258	289	
259	291	
260	292	
261	293	
262	294	
263	295	
264	297	
265	298	
266	299	
267	301	
268	302	
269	303	
270	304	
271	305	
272	306	
273	307	
274	308	
275	309	
276	310	
277	311	
278	312	
279	313	
280	314	
281	317	
282	318	
283	319	
284	320	
285	321	
286	322	
287	323	
288	324	
289	325	
290	326	
291	327	
292	329	
293	330	
294	331	
295	332	
296	333	
297	334	
298	335	
299	336	
300	337	
301	338	
302	339	
303	340	
304	341	
305	342	
306	343	
307	344	
308	345	
309	346	
310	347	
311	348	
312	349	
313	350	
314	351	
315	352	
316	353	
317	354	
318	355	
319	357	
320	358	
321	359	
322	360	
323	361	
324	362	
325	363	
326	364	
327	365	
328	366	
329	369	
330	370	
331	371	
332	372	
333	373	
334	375	
335	376	
336	377	
337	378	
338	379	
339	380	
340	382	
341	384	
342	385	
343	386	
344	388	
345	389	
346	390	
347	391	
348	392	
349	393	
350	394	
351	395	
352	396	
353	397	
354	398	
355	399	
356	400	
357	401	
358	402	
359	403	
360	404	
361	405	
362	407	
363	408	
364	409	
365	410	
366	411	
367	412	
368	413	
369	414	
370	415	
371	416	
372	417	
373	418	
374	420	
375	421	
376	422	
377	423	
378	425	
379	426	
380	427	
381	428	
382	429	
383	430	
384	431	
385	432	
386	434	
387	435	
388	436	
389	437	
390	438	
391	439	
392	440	
393	441	
394	442	
395	443	
396	444	
397	445	
398	446	
399	450	
400	451	
401	452	
402	453	
403	454	
404	455	
405	456	
406	457	
407	458	
408	459	
409	462	
410	463	
411	464	
412	465	
413	466	
414	467	
415	468	
416	469	
417	470	
418	471	
419	472	
420	473	
421	474	
422	475	
423	476	
424	478	
425	479	
426	480	
427	481	
428	482	
429	483	
430	484	
431	485	
432	486	
433	487	
434	488	
435	489	
436	490	
437	491	
438	492	
439	493	
440	494	
441	495	
442	496	
443	497	
444	498	
445	499	
446	500	
447	502	
448	504	
449	505	
450	506	
451	508	
452	509	
453	510	
454	512	
455	513	
456	514	
457	515	
458	516	
459	517	
460	518	
461	519	
462	520	
463	521	
464	522	
465	523	
466	524	
467	525	
468	526	
469	527	
470	528	
471	529	
472	530	
473	531	
474	532	
475	533	
476	535	
477	536	
478	537	
479	538	
480	539	
481	540	
482	541	
483	542	
484	543	
485	544	
486	546	
487	547	
488	548	
489	549	
490	550	
491	551	
492	552	
493	553	
494	554	
495	555	
496	556	
497	557	
498	558	
499	559	
500	560	
501	561	
502	563	
503	564	
504	565	
505	566	
506	567	
507	568	
508	569	
509	570	
510	571	
511	572	
512	573	
513	574	
514	575	
515	577	
516	578	
517	579	
518	580	
519	581	
520	582	
521	583	
522	584	
523	585	
524	587	
525	588	
526	589	
527	590	
528	591	
529	592	
530	593	
531	594	
532	595	
533	596	
534	597	
535	598	
536	599	
537	600	
538	601	
539	602	
540	603	
541	604	
542	605	
543	606	
544	607	
545	608	
546	609	
547	610	
548	611	
549	612	
550	613	
551	614	
552	615	
553	617	
554	618	
555	619	
556	620	
557	621	
558	622	
559	623	
560	624	
561	625	
562	626	
563	627	
564	628	
565	629	
566	630	
567	631	
568	632	
569	633	
570	634	
571	635	
572	637	
573	638	
574	639	
575	640	
576	641	
577	642	
578	643	
579	644	
580	645	
581	646	
582	647	
583	649	
584	650	
585	651	
586	652	
587	653	
588	654	
589	655	
590	656	
591	658	
592	659	
593	660	
594	662	
595	665	
596	666	
597	667	
598	668	
599	669	
600	670	
601	671	
602	672	
603	673	
604	674	
605	675	
606	676	
607	677	
608	678	
609	679	
610	680	
611	681	
612	682	
613	683	
614	684	
615	685	
616	687	
617	688	
618	689	
619	690	
620	691	
621	692	
622	694	
623	695	
624	696	
625	697	
626	699	
627	700	
628	701	
629	702	
630	703	
631	704	
632	705	
633	706	
634	708	
635	709	
636	710	
637	711	
638	712	
639	713	
640	715	
641	716	
642	717	
643	718	
644	719	
645	720	
646	721	
647	722	
648	723	
649	724	
650	725	
651	726	
652	727	
653	728	
654	729	
655	731	
656	732	
657	733	
658	734	
659	735	
660	736	
661	737	
662	738	
663	739	
664	740	
665	741	
666	742	
667	743	
668	744	
669	745	
670	746	
671	749	
672	750	
673	751	
674	752	
675	753	
676	754	
677	755	
678	756	
679	757	
680	758	
681	760	
682	761	
683	762	
684	763	
685	764	
686	765	
687	766	
688	768	
689	769	
690	770	
691	772	
692	773	
693	774	
694	775	
695	776	
696	777	
697	779	
698	780	
699	781	
700	782	
701	783	
702	784	
703	785	
704	787	
705	788	
706	789	
707	790	
708	791	
709	792	
710	793	
711	794	
712	795	
713	796	
714	797	
715	798	
716	799	
717	800	
718	803	
719	804	
720	805	
721	806	
722	807	
723	808	
724	809	
725	811	
726	813	
727	814	
728	815	
729	816	
730	817	
731	818	
732	819	
733	821	
734	822	
735	824	
736	825	
737	826	
738	827	
739	828	
740	829	
741	830	
742	831	
743	832	
744	833	
745	834	
746	835	
747	836	
748	837	
749	838	
750	839	
751	840	
752	841	
753	843	
754	844	
755	845	
756	846	
757	847	
758	848	
759	849	
760	850	
761	851	
762	852	
763	853	
764	854	
765	855	
766	856	
767	857	
768	858	
769	859	
770	860	
771	861	
772	862	
773	863	
774	864	
775	865	
776	866	
777	867	
778	868	
779	869	
780	870	
781	871	
782	872	
783	873	
784	874	
785	875	
786	877	
787	878	
788	879	
789	880	
790	881	
791	882	
792	883	
793	884	
794	885	
795	886	
796	887	
797	890	
798	891	
799	892	
800	893	
801	894	
802	895	
803	896	
804	897	
805	898	
806	899	
807	900	
808	901	
809	903	
810	904	
811	905	
812	906	
813	908	
814	910	
815	911	
816	912	
817	913	
818	914	
819	915	
820	916	
821	917	
822	918	
823	920	
824	921	
825	922	
826	923	
827	924	
828	925	
829	926	
830	927	
831	928	
832	929	
833	930	
834	931	
835	932	
836	933	
837	934	
838	935	
839	936	
840	937	
841	938	
842	939	
843	940	
844	941	
845	943	
846	944	
847	945	
848	946	
849	947	
850	948	
851	949	
852	950	
853	951	
854	952	
855	953	
856	954	
857	956	
858	957	
859	958	
860	959	
861	960	
862	961	
863	962	
864	963	
865	964	
866	965	
867	967	
868	968	
869	969	
870	970	
871	971	
872	972	
873	973	
874	974	
875	975	
876	976	
877	978	
878	979	
879	980	
880	981	
881	983	
882	984	
883	985	
884	986	
885	987	
886	988	
887	989	
888	990	
889	991	
890	992	
891	993	
892	994	
893	995	
894	996	
895	998	
896	999	
897	1000	
898	1001	
899	1002	
900	1003	
901	1004	
902	1005	
903	1007	
904	1008	
905	1009	
906	1010	
907	1011	
908	1012	
909	1014	
910	1015	
911	1016	
912	1017	
913	1018	
914	1019	
915	1020	
916	1021	
917	1022	
918	1023	
919	1024	
920	1025	
921	1026	
922	1027	
923	1029	
924	1030	
925	1031	
926	1032	
927	1033	
928	1034	
929	1035	
930	1036	
931	1037	
932	1038	
933	1039	
934	1040	
935	1041	
936	1042	
937	1044	
938	1045	
939	1046	
940	1047	
941	1048	
942	1049	
943	1051	
944	1052	
945	1053	
946	1054	
947	1055	
948	1056	
949	1057	
950	1058	
951	1059	
952	1060	
953	1061	
954	1062	
955	1064	
956	1065	
957	1066	
958	1067	
959	1068	
960	1069	
961	1071	
962	1072	
963	1073	
964	1074	
965	1076	
966	1077	
967	1078	
968	1079	
969	1080	
970	1081	
971	1082	
972	1083	
973	1084	
974	1085	
975	1086	
976	1087	
977	1088	
978	1089	
979	1091	
980	1092	
981	1093	
982	1094	
983	1096	
984	1097	
985	1098	
986	1099	
987	1100	
988	1101	
989	1103	
990	1105	
991	1106	
992	1107	
993	1108	
994	1109	
995	1110	
996	1112	
997	1113	
998	1114	
999	1116	
1000	1118	
1001	1119	
1002	1120	
1003	1121	
1004	1122	
1005	1124	
1006	1125	
1007	1126	
1008	1127	
1009	1130	
1010	1131	
1011	1132	
1012	1134	
1013	1135	
1014	1136	
1015	1137	
1016	1138	
1017	1139	
1018	1140	
1019	1142	
1020	1143	
1021	1144	
1022	1145	
1023	1146	
1024	1147	
1025	1148	
1026	1149	
1027	1150	
1028	1151	
1029	1152	
1030	1153	
1031	1154	
1032	1155	
1033	1156	
1034	1157	
1035	1158	
1036	1159	
1037	1161	
1038	1162	
1039	1163	
1040	1164	
1041	1165	
1042	1166	
1043	1167	
1044	1168	
1045	1169	
1046	1170	
1047	1171	
1048	1172	
1049	1173	
1050	1175	
1051	1176	
1052	1177	
1053	1178	
1054	1179	
1055	1180	
1056	1181	
1057	1182	
1058	1183	
1059	1184	
1060	1185	
1061	1186	
1062	1187	
1063	1188	
1064	1189	
1065	1190	
1066	1191	
1067	1192	
1068	1193	
1069	1194	
1070	1195	
1071	1196	
1072	1197	
1073	1198	
1074	1199	
1075	1200	
1076	1202	
1077	1203	
1078	1204	
1079	1205	
1080	1206	
1081	1207	
1082	1208	
1083	1209	
1084	1210	
1085	1211	
1086	1212	
1087	1213	
1088	1214	
1089	1215	
1090	1216	
1091	1217	
1092	1221	
1093	1222	
1094	1223	
1095	1224	
1096	1225	
1097	1226	
1098	1227	
1099	1228	
1100	1229	
1101	1230	
1102	1231	
1103	1233	
1104	1234	
1105	1235	
1106	1236	
1107	1237	
1108	1238	
1109	1239	
1110	1240	
1111	1241	
1112	1242	
1113	1243	
1114	1244	
1115	1245	
1116	1247	
1117	1248	
1118	1249	
1119	1250	
1120	1251	
1121	1252	
1122	1253	
1123	1254	
1124	1255	
1125	1256	
1126	1257	
1127	1258	
1128	1259	
1129	1260	
1130	1261	
1131	1262	
1132	1263	
1133	1264	
1134	1265	
1135	1266	
1136	1267	
1137	1268	
1138	1269	
1139	1270	
1140	1271	
1141	1272	
1142	1273	
1143	1274	
1144	1275	
1145	1276	
1146	1278	
1147	1279	
1148	1280	
1149	1281	
1150	1282	
1151	1283	
1152	1284	
1153	1285	
1154	1286	
1155	1287	
1156	1288	
1157	1289	
1158	1290	
1159	1291	
1160	1292	
1161	1293	
1162	1294	
1163	1295	
1164	1296	
1165	1297	
1166	1298	
1167	1299	
1168	1300	
1169	1301	
1170	1302	
1171	1303	
1172	1304	
1173	1305	
1174	1306	
1175	1307	
1176	1308	
1177	1310	
1178	1311	
1179	1312	
1180	1313	
1181	1315	
1182	1316	
1183	1317	
1184	1319	
1185	1320	
1186	1321	
1187	1322	
1188	1323	
1189	1324	
1190	1325	
1191	1326	
1192	1327	
1193	1329	
1194	1330	
1195	1331	
1196	1332	
1197	1333	
1198	1334	
1199	1336	
1200	1337	
1201	1338	
1202	1340	
1203	1341	
1204	1342	
1205	1343	
1206	1344	
1207	1346	
1208	1347	
1209	1348	
1210	1349	
1211	1350	
1212	1351	
1213	1352	
1214	1353	
1215	1354	
1216	1355	
1217	1356	
1218	1357	
1219	1358	
1220	1359	
1221	1360	
1222	1361	
1223	1362	
1224	1368	
1225	1369	
1226	1370	
1227	1371	
1228	1372	
1229	1373	
1230	1374	
1231	1375	
1232	1376	
1233	1377	
1234	1378	
1235	1379	
1236	1380	
1237	1381	
1238	1382	
1239	1383	
1240	1384	
1241	1385	
1242	1386	
1243	1387	
1244	1388	
1245	1389	
1246	1390	
1247	1391	
1248	1392	
1249	1393	
1250	1394	
1251	1395	
1252	1396	
1253	1397	
1254	1399	
1255	1400	
1256	1401	
1257	1402	
1258	1404	
1259	1405	
1260	1406	
1261	1407	
1262	1408	
1263	1409	
1264	1410	
1265	1411	
1266	1412	
1267	1413	
1268	1414	
1269	1415	
1270	1416	
1271	1417	
1272	1418	
1273	1419	
1274	1420	
1275	1421	
1276	1422	
1277	1423	
1278	1424	
1279	1425	
1280	1426	
1281	1427	
1282	1428	
1283	1430	
1284	1431	
1285	1433	
1286	1434	
1287	1435	
1288	1436	
1289	1437	
1290	1439	
1291	1440	
1292	1441	
1293	1442	
1294	1443	
1295	1444	
1296	1445	
1297	1446	
1298	1447	
1299	1448	
1300	1450	
1301	1451	
1302	1452	
1303	1453	
1304	1454	
1305	1455	
1306	1456	
1307	1457	
1308	1458	
1309	1459	
1310	1460	
1311	1461	
1312	1462	
1313	1463	
1314	1464	
1315	1465	
1316	1466	
1317	1467	
1318	1468	
1319	1469	
1320	1470	
1321	1471	
1322	1472	
1323	1473	
1324	1474	
1325	1475	
1326	1476	
1327	1477	
1328	1478	
1329	1479	
1330	1480	
1331	1481	
1332	1482	
1333	1483	
1334	1484	
1335	1485	
1336	1486	
1337	1487	
1338	1488	
1339	1489	
1340	1490	
1341	1491	
1342	1492	
1343	1493	
1344	1494	
1345	1495	
1346	1497	
1347	1498	
1348	1499	
1349	1500	
1350	1501	
1351	1502	
1352	1503	
1353	1504	
1354	1506	
1355	1507	
1356	1508	
1357	1509	
1358	1510	
1359	1511	
1360	1512	
1361	1513	
1362	1514	
1363	1515	
1364	1516	
1365	1517	
1366	1518	
1367	1519	
1368	1520	
1369	1521	
1370	1522	
1371	1523	
1372	1524	
1373	1525	
1374	1526	
1375	1527	
1376	1528	
1377	1529	
1378	1530	
1379	1531	
1380	1533	
1381	1534	
1382	1535	
1383	1536	
1384	1537	
1385	1538	
1386	1539	
1387	1540	
1388	1541	
1389	1542	
1390	1543	
1391	1544	
1392	1545	
1393	1546	
1394	1548	
1395	1549	
1396	1550	
1397	1551	
1398	1552	
1399	1553	
1400	1555	
1401	1556	
1402	1557	
1403	1558	
1404	1559	
1405	1560	
1406	1561	
1407	1562	
1408	1563	
1409	1564	
1410	1565	
1411	1566	
1412	1567	
1413	1568	
1414	1569	
1415	1570	
1416	1571	
1417	1572	
1418	1573	
1419	1574	
1420	1575	
1421	1576	
1422	1577	
1423	1578	
1424	1579	
1425	1580	
1426	1581	
1427	1582	
1428	1583	
1429	1584	
1430	1585	
1431	1586	
1432	1587	
1433	1588	
1434	1589	
1435	1590	
1436	1592	
1437	1593	
1438	1594	
1439	1595	
1440	1596	
1441	1597	
1442	1598	
1443	1599	
1444	1600	
1445	1601	
1446	1602	
1447	1603	
1448	1604	
1449	1605	
1450	1606	
1451	1607	
1452	1608	
1453	1609	
1454	1611	
1455	1612	
1456	1613	
1457	1615	
1458	1616	
1459	1617	
1460	1618	
1461	1619	
1462	1620	
1463	1621	
1464	1622	
1465	1623	
1466	1624	
1467	1625	
1468	1626	
1469	1627	
1470	1628	
1471	1629	
1472	1630	
1473	1631	
1474	1632	
1475	1633	
1476	1634	
1477	1636	
1478	1637	
1479	1638	
1480	1639	
1481	1640	
1482	1641	
1483	1642	
1484	1643	
1485	1644	
1486	1645	
1487	1646	
1488	1647	
1489	1648	
1490	1649	
1491	1650	
1492	1652	
1493	1654	
1494	1655	
1495	1656	
1496	1657	
1497	1658	
1498	1660	
1499	1661	
1500	1662	
1501	1663	
1502	1664	
1503	1665	
1504	1666	
1505	1669	
1506	1670	
1507	1671	
1508	1672	
1509	1673	
1510	1674	
1511	1675	
1512	1676	
1513	1677	
1514	1678	
1515	1679	
1516	1680	
1517	1681	
1518	1682	
1519	1683	
1520	1684	
1521	1685	
1522	1686	
1523	1687	
1524	1688	
1525	1689	
1526	1690	
1527	1691	
1528	1692	
1529	1693	
1530	1694	
1531	1695	
1532	1696	
1533	1697	
1534	1698	
1535	1699	
1536	1700	
1537	1702	
1538	1703	
1539	1704	
1540	1705	
1541	1706	
1542	1707	
1543	1708	
1544	1709	
1545	1711	
1546	1712	
1547	1713	
1548	1714	
1549	1716	
1550	1719	
1551	1720	
1552	1721	
1553	1722	
1554	1723	
1555	1724	
1556	1725	
1557	1726	
1558	1727	
1559	1728	
1560	1729	
1561	1730	
1562	1731	
1563	1732	
1564	1733	
1565	1734	
1566	1735	
1567	1736	
1568	1737	
1569	1738	
1570	1739	
1571	1740	
1572	1742	
1573	1743	
1574	1744	
1575	1746	
1576	1747	
1577	1749	
1578	1750	
1579	1751	
1580	1752	
1581	1753	
1582	1754	
1583	1755	
1584	1756	
1585	1757	
1586	1758	
1587	1759	
1588	1760	
1589	1761	
1590	1762	
1591	1764	
1592	1765	
1593	1767	
1594	1768	
1595	1770	
1596	1771	
1597	1772	
1598	1773	
1599	1774	
1600	1775	
1601	1776	
1602	1777	
1603	1778	
1604	1779	
1605	1781	
1606	1782	
1607	1783	
1608	1784	
1609	1785	
1610	1786	
1611	1787	
1612	1788	
1613	1789	
1614	1790	
1615	1791	
1616	1793	
1617	1794	
1618	1795	
1619	1796	
1620	1797	
1621	1798	
1622	1799	
1623	1800	
1624	1801	
1625	1802	
1626	1803	
1627	1805	
1628	1806	
1629	1807	
1630	1808	
1631	1809	
1632	1811	
1633	1812	
1634	1813	
1635	1814	
1636	1815	
1637	1816	
1638	1817	
1639	1818	
1640	1820	
1641	1821	
1642	1823	
1643	1824	
1644	1826	
1645	1827	
1646	1828	
1647	1829	
1648	1831	
1649	1832	
1650	1833	
1651	1834	
1652	1835	
1653	1836	
1654	1837	
1655	1838	
1656	1839	
1657	1840	
1658	1841	
1659	1842	
1660	1843	
1661	1844	
1662	1845	
1663	1849	
1664	1850	
1665	1851	
1666	1852	
1667	1853	
1668	1854	
1669	1855	
1670	1856	
1671	1857	
1672	1858	
1673	1860	
1674	1861	
1675	1862	
1676	1863	
1677	1865	
1678	1866	
1679	1867	
1680	1868	
1681	1869	
1682	1871	
1683	1872	
1684	1873	
1685	1874	
1686	1875	
1687	1876	
1688	1877	
1689	1878	
1690	1880	
1691	1881	
1692	1882	
1693	1883	
1694	1884	
1695	1885	
1696	1886	
1697	1888	
1698	1889	
1699	1890	
1700	1891	
1701	1892	
1702	1893	
1703	1894	
1704	1896	
1705	1897	
1706	1898	
1707	1900	
1708	1901	
1709	1902	
1710	1903	
1711	1904	
1712	1905	
1713	1906	
1714	1907	
1715	1908	
1716	1909	
1717	1910	
1718	1911	
1719	1912	
1720	1913	
1721	1914	
1722	1915	
1723	1916	
1724	1917	
1725	1918	
1726	1919	
1727	1920	
1728	1921	
1729	1922	
1730	1923	
1731	1924	
1732	1925	
1733	1927	
1734	1928	
1735	1929	
1736	1930	
1737	1931	
1738	1933	
1739	1934	
1740	1935	
1741	1936	
1742	1937	
1743	1939	
1744	1940	
1745	1941	
1746	1942	
1747	1944	
1748	1945	
1749	1946	
1750	1947	
1751	1948	
1752	1949	
1753	1950	
1754	1951	
1755	1952	
1756	1954	
1757	1955	
1758	1956	
1759	1957	
1760	1958	
1761	1959	
1762	1960	
1763	1961	
1764	1962	
1765	1963	
1766	1964	
1767	1965	
1768	1966	
1769	1967	
1770	1968	
1771	1969	
1772	1970	
1773	1971	
1774	1972	
1775	1973	
1776	1974	
1777	1975	
1778	1976	
1779	1977	
1780	1978	
1781	1979	
1782	1980	
1783	1981	
1784	1982	
1785	1983	
1786	1984	
1787	1985	
1788	1986	
1789	1987	
1790	1988	
1791	1989	
1792	1990	
1793	1991	
1794	1992	
1795	1993	
1796	1994	
1797	1995	
1798	1997	
1799	1998	
1800	2000	
1801	2001	
1802	2002	
1803	2003	
1804	2004	
1805	2005	
1806	2006	
1807	2007	
1808	2008	
1809	2010	
1810	2011	
1811	2012	
1812	2013	
1813	2014	
1814	2015	
1815	2016	
1816	2018	
1817	2019	
1818	2020	
1819	2021	
1820	2022	
1821	2023	
1822	2025	
1823	2026	
1824	2027	
1825	2028	
1826	2029	
1827	2030	
1828	2031	
1829	2032	
1830	2033	
1831	2034	
1832	2035	
1833	2037	
1834	2038	
1835	2039	
1836	2040	
1837	2041	
1838	2042	
1839	2043	
1840	2044	
1841	2045	
1842	2046	
1843	2048	
1844	2049	
1845	2050	
1846	2051	
1847	2052	
1848	2053	
1849	2054	
1850	2055	
1851	2056	
1852	2057	
1853	2059	
1854	2060	
1855	2061	
1856	2063	
1857	2065	
1858	2066	
1859	2067	
1860	2068	
1861	2069	
1862	2070	
1863	2071	
1864	2072	
1865	2073	
1866	2074	
1867	2075	
1868	2076	
1869	2077	
1870	2078	
1871	2079	
1872	2080	
1873	2082	
1874	2083	
1875	2084	
1876	2085	
1877	2086	
1878	2087	
1879	2088	
1880	2090	
1881	2091	
1882	2092	
1883	2093	
1884	2096	
1885	2097	
1886	2098	
1887	2099	
1888	2100	
1889	2101	
1890	2102	
1891	2104	
1892	2105	
1893	2106	
1894	2108	
1895	2113	
1896	2114	
1897	2115	
1898	2116	
1899	2117	
1900	2118	
1901	2119	
1902	2120	
1903	2121	
1904	2122	
1905	2123	
1906	2124	
1907	2125	
1908	2126	
1909	2127	
1910	2128	
1911	2129	
1912	2131	
1913	2132	
1914	2133	
1915	2134	
1916	2135	
1917	2136	
1918	2137	
1919	2138	
1920	2139	
1921	2140	
1922	2141	
1923	2142	
1924	2143	
1925	2144	
1926	2145	
1927	2146	
1928	2148	
1929	2149	
1930	2150	
1931	2151	
1932	2152	
1933	2153	
1934	2154	
1935	2155	
1936	2157	
1937	2158	
1938	2159	
1939	2160	
1940	2161	
1941	2162	
1942	2163	
1943	2164	
1944	2165	
1945	2166	
1946	2167	
1947	2168	
1948	2169	
1949	2170	
1950	2171	
1951	2173	
1952	2174	
1953	2175	
1954	2177	
1955	2178	
1956	2179	
1957	2180	
1958	2181	
1959	2182	
1960	2183	
1961	2184	
1962	2185	
1963	2186	
1964	2187	
1965	2188	
1966	2189	
1967	2190	
1968	2191	
1969	2192	
1970	2193	
1971	2194	
1972	2196	
1973	2197	
1974	2198	
1975	2199	
1976	2200	
1977	2201	
1978	2202	
1979	2203	
1980	2204	
1981	2205	
1982	2206	
1983	2207	
1984	2208	
1985	2209	
1986	2211	
1987	2212	
1988	2213	
1989	2214	
1990	2215	
1991	2216	
1992	2217	
1993	2218	
1994	2219	
1995	2220	
1996	2224	
1997	2225	
1998	2226	
1999	2227	
2000	2228	
2001	2229	
2002	2230	
2003	2231	
2004	2232	
2005	2233	
2006	2234	
2007	2235	
2008	2236	
2009	2237	
2010	2238	
2011	2239	
2012	2240	
2013	2241	
2014	2242	
2015	2243	
2016	2244	
2017	2245	
2018	2246	
2019	2247	
2020	2248	
2021	2249	
2022	2250	
2023	2251	
2024	2252	
2025	2253	
2026	2254	
2027	2255	
2028	2256	
2029	2257	
2030	2258	
2031	2259	
2032	2260	
2033	2261	
2034	2262	
2035	2263	
2036	2264	
2037	2265	
2038	2266	
2039	2267	
2040	2268	
2041	2269	
2042	2270	
2043	2271	
2044	2272	
2045	2273	
2046	2274	
2047	2275	
2048	2276	
2049	2277	
2050	2278	
2051	2279	
2052	2280	
2053	2281	
2054	2282	
2055	2283	
2056	2284	
2057	2285	
2058	2286	
2059	2287	
2060	2288	
2061	2289	
2062	2290	
2063	2291	
2064	2292	
2065	2293	
2066	2294	
2067	2295	
2068	2296	
2069	2297	
2070	2298	
2071	2299	
2072	2300	
2073	2301	
2074	2302	
2075	2303	
2076	2304	
2077	2305	
2078	2306	
2079	2307	
2080	2308	
2081	2309	
2082	2310	
2083	2311	
2084	2312	
2085	2313	
2086	2314	
2087	2315	
2088	2317	
2089	2318	
2090	2319	
2091	2320	
2092	2321	
2093	2322	
2094	2323	
2095	2324	
2096	2325	
2097	2326	
2098	2327	
2099	2328	
2100	2329	
2101	2330	
2102	2331	
2103	2332	
2104	2333	
2105	2334	
2106	2335	
2107	2336	
2108	2337	
2109	2339	
2110	2340	
2111	2341	
2112	2342	
2113	2343	
2114	2344	
2115	2345	
2116	2346	
2117	2347	
2118	2348	
2119	2349	
2120	2350	
2121	2351	
2122	2353	
2123	2354	
2124	2355	
2125	2356	
2126	2357	
2127	2358	
2128	2359	
2129	2360	
2130	2361	
2131	2362	
2132	2363	
2133	2364	
2134	2365	
2135	2366	
2136	2367	
2137	2368	
2138	2369	
2139	2370	
2140	2372	
2141	2373	
2142	2374	
2143	2375	
2144	2376	
2145	2377	
2146	2378	
2147	2379	
2148	2380	
2149	2382	
2150	2383	
2151	2384	
2152	2385	
2153	2386	
2154	2387	
2155	2388	
2156	2389	
2157	2390	
2158	2391	
2159	2392	
2160	2393	
2161	2394	
2162	2396	
2163	2397	
2164	2398	
2165	2399	
2166	2400	
2167	2401	
2168	2402	
2169	2403	
2170	2404	
2171	2405	
2172	2406	
2173	2407	
2174	2408	
2175	2409	
2176	2411	
2177	2412	
2178	2413	
2179	2414	
2180	2415	
2181	2416	
2182	2417	
2183	2419	
2184	2420	
2185	2421	
2186	2422	
2187	2423	
2188	2424	
2189	2425	
2190	2426	
2191	2427	
2192	2428	
2193	2429	
2194	2430	
2195	2431	
2196	2432	
2197	2433	
2198	2434	
2199	2435	
2200	2436	
2201	2437	
2202	2438	
2203	2439	
2204	2440	
2205	2442	
2206	2443	
2207	2444	
2208	2445	
2209	2446	
2210	2447	
2211	2448	
2212	2449	
2213	2450	
2214	2451	
2215	2452	
2216	2453	
2217	2454	
2218	2456	
2219	2457	
2220	2458	
2221	2459	
2222	2460	
2223	2461	
2224	2462	
2225	2463	
2226	2464	
2227	2465	
2228	2466	
2229	2467	
2230	2468	
2231	2469	
2232	2470	
2233	2471	
2234	2472	
2235	2473	
2236	2474	
2237	2475	
2238	2476	
2239	2477	
2240	2478	
2241	2479	
2242	2480	
2243	2481	
2244	2482	
2245	2483	
2246	2484	
2247	2485	
2248	2486	
2249	2487	
2250	2488	
2251	2489	
2252	2490	
2253	2491	
2254	2492	
2255	2493	
2256	2494	
2257	2495	
2258	2496	
2259	2497	
2260	2498	
2261	2499	
2262	2500	
2263	2501	
2264	2502	
2265	2503	
2266	2504	
2267	2505	
2268	2506	
2269	2507	
2270	2508	
2271	2509	
2272	2510	
2273	2511	
2274	2512	
2275	2513	
2276	2514	
2277	2515	
2278	2516	
2279	2517	
2280	2518	
2281	2519	
2282	2520	
2283	2521	
2284	2522	
2285	2523	
2286	2524	
2287	2525	
2288	2526	
2289	2527	
2290	2528	
2291	2529	
2292	2530	
2293	2531	
2294	2532	
2295	2533	
2296	2534	
2297	2535	
2298	2536	
2299	2537	
2300	2538	
2301	2539	
2302	2540	
2303	2541	
2304	2542	
2305	2543	
2306	2544	
2307	2545	
2308	2546	
2309	2547	
2310	2548	
2311	2549	
2312	2550	
2313	2551	
2314	2552	
2315	2555	
2316	2556	
2317	2557	
2318	2558	
2319	2559	
2320	2560	
2321	2561	
2322	2562	
2323	2563	
2324	2564	
2325	2565	
2326	2566	
2327	2567	
2328	2568	
2329	2569	
2330	2570	
2331	2571	
2332	2572	
2333	2573	
2334	2574	
2335	2575	
2336	2576	
2337	2577	
2338	2578	
2339	2579	
2340	2580	
2341	2581	
2342	2582	
2343	2583	
2344	2584	
2345	2585	
2346	2586	
2347	2587	
2348	2588	
2349	2589	
2350	2590	
2351	2591	
2352	2592	
2353	2593	
2354	2594	
2355	2597	
2356	2598	
2357	2599	
2358	2600	
2359	2601	
2360	2602	
2361	2603	
2362	2604	
2363	2605	
2364	2606	
2365	2607	
2366	2608	
2367	2609	
2368	2610	
2369	2611	
2370	2612	
2371	2613	
2372	2614	
2373	2615	
2374	2616	
2375	2617	
2376	2618	
2377	2619	
2378	2620	
