1	7	(19,84,11)
2	8	(19,16,6)
3	9	(21,8,12)
4	10	(23,3,10)
5	11	(19,58,11)
6	12	(19,5,12)
7	13	(19,3,8)
8	14	(20,21,21)
9	15	(20,10,6)
10	16	(20,10,24)
11	17	(20,10,28)
12	18	(20,11,18)
13	19	(20,11,19)
14	20	(20,11,28)
15	21	(20,3,32)
16	22	(20,12,2)
17	23	(20,13,9)
18	24	(20,13,21)
19	25	(19,23,6)
20	26	(45,8,32)
21	27	(46,3,21)
22	28	(46,3,22)
23	29	(54,4,8)
24	31	(19,23,1)
25	32	(19,23,5)
26	33	(19,34,9)
27	34	(19,34,10)
28	35	(40,6,33)
29	36	(50,4,19)
30	37	(54,6,6)
31	38	(54,6,17)
32	41	(19,37,3)
33	42	(19,111,5)
34	43	(19,132,15)
35	44	(19,147,14)
36	45	(20,13,25)
37	46	(40,6,26)
38	47	(29,2,26)
39	48	(23,65,13)
40	50	(40,6,25)
41	51	(40,6,30)
42	52	(40,6,31)
43	53	(40,6,32)
44	56	(5,5,33)
45	57	(5,6,2)
46	58	(18,5,26)
47	59	(19,34,12)
48	60	(19,34,14)
49	61	(19,91,16)
50	62	(20,3,2)
51	63	(20,3,16)
52	64	(20,9,11)
53	66	(19,103,3)
54	67	(19,103,5)
55	68	(20,3,7)
56	69	(20,3,8)
57	70	(20,4,22)
58	72	(5,33,12)
59	73	(20,18,10)
60	74	(19,16,8)
61	75	(19,112,7)
62	76	(60,3,13)
63	77	(18,4,7)
64	78	(18,11,18)
65	79	(18,5,23)
66	80	(28,2,18)
67	81	(26,34,25)
68	82	(26,34,28)
69	83	(1,9,2)
70	84	(18,11,18)
71	85	(18,11,19)
72	86	(19,4,8)
73	87	(19,127,2)
74	88	(20,3,24)
75	89	(9,2,9)
76	90	(19,27,1)
77	91	(19,34,20)
78	92	(19,91,1)
79	93	(19,91,2)
80	94	(19,91,4)
81	95	(19,91,10)
82	96	(19,121,1)
83	97	(19,121,8)
84	98	(19,124,8)
85	99	(19,125,2)
86	100	(20,3,23)
87	101	(20,1,33)
88	102	(23,4,5)
89	103	(23,4,6)
90	104	(23,33,16)
91	105	(23,43,2)
92	106	(23,43,3)
93	107	(23,27,3)
94	108	(38,2,5)
95	110	(3,26,6)
96	111	(19,29,11)
97	112	(19,125,5)
98	113	(19,119,165)
99	114	(19,147,14)
100	115	(23,26,12)
101	116	(23,32,18)
102	118	(19,37,23)
103	119	(19,48,14)
104	120	(19,73,24)
105	121	(20,3,6)
106	122	(20,11,5)
107	123	(20,16,9)
108	124	(23,28,26)
109	125	(23,42,16)
110	127	(5,28,13)
111	128	(19,112,6)
112	129	(19,112,9)
113	130	(9,2,30)
114	131	(20,22,4)
115	132	(20,3,16)
116	133	(20,4,8)
117	134	(20,10,7)
118	135	(19,91,14)
119	136	(19,91,15)
120	137	(43,12,26)
121	138	(66,3,9)
122	140	(19,1,3)
123	141	(19,37,5)
124	142	(19,128,2)
125	143	(19,57,2)
126	144	(23,65,21)
127	145	(23,65,23)
128	146	(18,11,15)
129	147	(18,11,17)
130	148	(18,22,28)
131	150	(5,11,14)
132	151	(5,11,15)
133	152	(5,28,12)
134	153	(5,30,9)
135	154	(5,28,11)
136	155	(18,22,24)
137	156	(18,22,25)
138	157	(19,107,38)
139	158	(19,112,3)
140	159	(20,3,16)
141	160	(20,8,18)
142	161	(20,8,19)
143	162	(20,15,6)
144	163	(23,30,23)
145	165	(5,7,13)
146	166	(5,30,9)
147	167	(18,5,25)
148	168	(19,127,3)
149	169	(19,127,5)
150	170	(19,115,14)
151	172	(2,23,25)
152	173	(5,26,11)
153	174	(5,28,3)
154	175	(5,28,6)
155	176	(5,28,8)
156	177	(19,37,16)
157	178	(20,10,22)
158	179	(20,15,16)
159	180	(21,2,26)
160	181	(21,3,13)
161	182	(21,5,19)
162	183	(21,5,20)
163	185	(5,4,40)
164	186	(5,5,29)
165	187	(20,13,22)
166	188	(20,14,26)
167	189	(20,11,21)
168	190	(20,20,7)
169	191	(19,102,28)
170	192	(19,112,2)
171	193	(19,25,13)
172	194	(19,37,25)
173	195	(19,37,26)
174	196	(19,147,13)
175	197	(24,32,39)
176	199	(18,5,24)
177	200	(18,8,6)
178	201	(18,8,7)
179	202	(19,128,3)
180	203	(19,128,6)
181	204	(20,3,33)
182	205	(20,12,7)
183	206	(20,14,11)
184	211	(19,32,6)
185	212	(19,32,7)
186	213	(18,5,19)
187	214	(19,31,23)
188	215	(19,91,10)
189	216	(20,12,21)
190	217	(20,15,19)
191	219	(18,8,20)
192	220	(18,8,21)
193	221	(18,11,16)
194	222	(18,36,16)
195	223	(19,30,5)
196	224	(19,34,19)
197	225	(19,42,11)
198	226	(19,68,13)
199	227	(19,71,20)
200	228	(19,18,27)
201	229	(19,18,28)
202	230	(19,146,8)
203	231	(19,107,19)
204	232	(19,126,5)
205	233	(19,126,6)
206	234	(20,11,8)
207	235	(20,12,13)
208	236	(20,24,16)
209	237	(24,29,11)
210	238	(24,31,12)
211	239	(24,31,13)
212	240	(28,6,1)
213	242	(19,9,9)
214	243	(19,22,24)
215	244	(19,27,10)
216	245	(19,27,14)
217	246	(19,37,24)
218	247	(19,37,39)
219	248	(19,18,2)
220	249	(19,46,1)
221	250	(19,46,3)
222	251	(19,55,22)
223	252	(19,31,7)
224	253	(2,3,7)
225	254	(19,41,1)
226	255	(19,71,3)
227	256	(19,112,4)
228	257	(19,136,23)
229	258	(19,138,7)
230	259	(19,73,26)
231	260	(19,145,14)
232	261	(23,25,4)
233	262	(23,27,8)
234	263	(18,34,23)
235	264	(23,50,10)
236	265	(25,3,31)
237	266	(25,3,33)
238	267	(24,16,19)
239	268	(24,30,11)
240	269	(33,7,8)
241	270	(33,7,9)
242	271	(34,1,7)
243	272	(40,11,28)
244	273	(43,16,33)
245	274	(47,1,5)
246	275	(47,4,8)
247	276	(47,4,9)
248	279	(2,23,25)
249	280	(2,15,26)
250	281	(18,33,24)
251	282	(18,33,26)
252	283	(18,33,28)
253	284	(19,91,3)
254	285	(19,91,5)
255	286	(19,91,6)
256	287	(19,103,3)
257	288	(5,7,15)
258	289	(24,33,6)
259	291	(19,41,3)
260	292	(19,116,6)
261	293	(54,2,15)
262	294	(5,7,13)
263	295	(1,49,25)
264	297	(19,71,9)
265	298	(23,46,4)
266	299	(20,16,31)
267	301	(18,5,20)
268	302	(18,5,22)
269	303	(19,33,18)
270	304	(19,33,19)
271	305	(19,37,19)
272	306	(19,146,7)
273	307	(23,41,17)
274	308	(26,36,29)
275	309	(26,36,30)
276	310	(38,10,1)
277	311	(19,107,9)
278	312	(35,3,17)
279	313	(35,3,18)
280	314	(40,4,4)
281	317	(5,20,4)
282	318	(5,23,14)
283	319	(18,5,20)
284	320	(19,60,12)
285	321	(14,13,12)
286	322	(20,3,25)
287	323	(20,3,26)
288	324	(23,41,11)
289	325	(23,41,12)
290	326	(24,39,17)
291	327	(24,39,18)
292	329	(12,6,16)
293	330	(14,14,11)
294	331	(12,17,39)
295	332	(19,17,7)
296	333	(19,27,5)
297	334	(19,27,6)
298	335	(19,37,32)
299	336	(19,37,33)
300	337	(19,37,40)
301	338	(19,97,10)
302	339	(19,112,8)
303	340	(19,118,7)
304	341	(19,125,3)
305	342	(18,8,22)
306	343	(20,16,7)
307	344	(23,25,5)
308	345	(23,54,15)
309	346	(23,54,17)
310	347	(5,28,7)
311	348	(42,18,7)
312	349	(42,18,8)
313	350	(44,18,10)
314	351	(58,13,6)
315	352	(19,118,6)
316	353	(42,1,71)
317	354	(42,1,74)
318	355	(42,1,75)
319	357	(2,22,26)
320	358	(2,22,27)
321	359	(19,12,5)
322	360	(19,35,10)
323	361	(19,72,4)
324	362	(19,72,14)
325	363	(19,109,31)
326	364	(19,146,7)
327	365	(21,5,8)
328	366	(23,54,14)
329	369	(18,5,21)
330	370	(18,11,15)
331	371	(19,37,6)
332	372	(19,31,20)
333	373	(19,57,3)
334	375	(23,51,7)
335	376	(23,51,8)
336	377	(40,5,11)
337	378	(40,5,12)
338	379	(58,11,26)
339	380	(60,4,14)
340	382	(4,23,23)
341	384	(5,10,18)
342	385	(19,146,9)
343	386	(26,11,16)
344	388	(19,9,18)
345	389	(19,68,10)
346	390	(19,69,33)
347	391	(19,132,15)
348	392	(23,14,30)
349	393	(19,72,2)
350	394	(19,72,12)
351	395	(19,72,13)
352	396	(19,102,17)
353	397	(19,107,41)
354	398	(19,113,7)
355	399	(24,20,13)
356	400	(18,5,15)
357	401	(18,5,16)
358	402	(18,36,15)
359	403	(59,1,9)
360	404	(59,2,5)
361	405	(42,16,25)
362	407	(2,22,22)
363	408	(2,22,24)
364	409	(5,10,18)
365	410	(19,10,14)
366	411	(19,10,18)
367	412	(19,68,5)
368	413	(19,146,9)
369	414	(20,15,25)
370	415	(20,23,10)
371	416	(20,23,11)
372	417	(24,49,11)
373	418	(28,14,3)
374	420	(19,68,6)
375	421	(19,113,9)
376	422	(23,56,4)
377	423	(23,56,5)
378	425	(19,68,6)
379	426	(19,146,7)
380	427	(5,30,4)
381	428	(19,69,33)
382	429	(19,107,14)
383	430	(23,51,14)
384	431	(23,49,25)
385	432	(24,15,11)
386	434	(18,33,28)
387	435	(19,68,20)
388	436	(19,66,8)
389	437	(19,66,9)
390	438	(19,102,19)
391	439	(19,102,20)
392	440	(19,107,18)
393	441	(19,107,19)
394	442	(19,116,15)
395	443	(19,91,7)
396	444	(19,9,13)
397	445	(9,2,6)
398	446	(5,32,39)
399	450	(19,25,10)
400	451	(19,25,14)
401	452	(49,1,3)
402	453	(49,1,4)
403	454	(49,1,7)
404	455	(49,1,8)
405	456	(61,1,3)
406	457	(61,1,4)
407	458	(48,6,16)
408	459	(45,8,30)
409	462	(4,23,21)
410	463	(23,45,25)
411	464	(23,53,11)
412	465	(26,36,25)
413	466	(45,3,24)
414	467	(45,8,1)
415	468	(45,8,33)
416	469	(45,8,34)
417	470	(56,3,7)
418	471	(47,5,21)
419	472	(44,13,39)
420	473	(45,5,1)
421	474	(45,5,9)
422	475	(45,5,18)
423	476	(45,5,19)
424	478	(2,34,7)
425	479	(19,65,3)
426	480	(23,43,25)
427	481	(19,130,4)
428	482	(19,130,8)
429	483	(23,33,24)
430	484	(23,44,22)
431	485	(19,103,9)
432	486	(19,103,12)
433	487	(28,11,8)
434	488	(28,11,9)
435	489	(33,7,18)
436	490	(33,7,19)
437	491	(58,10,17)
438	492	(24,31,34)
439	493	(58,8,12)
440	494	(42,7,47)
441	495	(42,7,48)
442	496	(42,7,50)
443	497	(40,12,31)
444	498	(40,12,32)
445	499	(19,32,1)
446	500	(19,32,2)
447	502	(23,1,18)
448	504	(19,103,3)
449	505	(24,33,8)
450	506	(26,33,16)
451	508	(24,3,12)
452	509	(24,3,22)
453	510	(28,14,4)
454	512	(38,13,1)
455	513	(40,1,21)
456	514	(44,13,38)
457	515	(49,1,7)
458	516	(48,1,4)
459	517	(54,1,15)
460	518	(46,15,3)
461	519	(58,1,3)
462	520	(58,9,26)
463	521	(58,9,28)
464	522	(58,10,14)
465	523	(43,1,29)
466	524	(40,26,28)
467	525	(23,53,5)
468	526	(23,53,6)
469	527	(62,2,1)
470	528	(62,2,12)
471	529	(62,1,7)
472	530	(62,1,9)
473	531	(62,3,5)
474	532	(60,2,24)
475	533	(66,1,5)
476	535	(23,27,5)
477	536	(45,5,9)
478	537	(45,5,10)
479	538	(47,5,18)
480	539	(47,5,19)
481	540	(49,2,13)
482	541	(49,2,17)
483	542	(51,1,21)
484	543	(51,1,23)
485	544	(58,2,17)
486	546	(24,31,9)
487	547	(23,63,16)
488	548	(23,64,8)
489	549	(45,8,14)
490	550	(45,8,15)
491	551	(45,9,26)
492	552	(47,6,18)
493	553	(48,3,26)
494	554	(48,4,4)
495	555	(48,4,5)
496	556	(48,4,7)
497	557	(49,1,5)
498	558	(49,1,6)
499	559	(43,1,12)
500	560	(62,3,1)
501	561	(62,3,2)
502	563	(58,12,22)
503	564	(58,12,24)
504	565	(50,3,3)
505	566	(48,3,28)
506	567	(48,3,29)
507	568	(48,4,26)
508	569	(48,4,28)
509	570	(62,1,3)
510	571	(49,2,12)
511	572	(49,2,13)
512	573	(49,2,19)
513	574	(49,2,22)
514	575	(45,11,17)
515	577	(49,2,18)
516	578	(26,20,40)
517	579	(26,20,41)
518	580	(49,3,12)
519	581	(58,10,19)
520	582	(58,10,20)
521	583	(49,1,6)
522	584	(60,2,4)
523	585	(60,2,5)
524	587	(18,22,27)
525	588	(19,4,3)
526	589	(19,34,6)
527	590	(19,34,15)
528	591	(19,34,17)
529	592	(19,50,15)
530	593	(19,65,2)
531	594	(19,91,15)
532	595	(19,145,19)
533	596	(20,15,29)
534	597	(23,30,19)
535	598	(23,58,9)
536	599	(23,65,24)
537	600	(24,29,12)
538	601	(38,13,9)
539	602	(40,7,7)
540	603	(40,7,8)
541	604	(40,7,11)
542	605	(40,21,22)
543	606	(43,15,7)
544	607	(43,16,23)
545	608	(43,16,24)
546	609	(43,14,13)
547	610	(43,14,14)
548	611	(59,5,15)
549	612	(59,5,16)
550	613	(62,3,22)
551	614	(62,5,14)
552	615	(62,5,16)
553	617	(19,84,11)
554	618	(43,17,17)
555	619	(43,17,19)
556	620	(49,2,10)
557	621	(50,2,13)
558	622	(50,4,13)
559	623	(47,3,5)
560	624	(52,5,23)
561	625	(51,1,12)
562	626	(51,1,21)
563	627	(51,1,22)
564	628	(53,2,13)
565	629	(56,2,14)
566	630	(24,31,33)
567	631	(42,1,74)
568	632	(42,1,75)
569	633	(24,30,9)
570	634	(46,6,11)
571	635	(47,3,18)
572	637	(5,30,6)
573	638	(24,24,7)
574	639	(24,31,18)
575	640	(19,110,3)
576	641	(56,3,5)
577	642	(26,36,26)
578	643	(55,1,9)
579	644	(26,11,19)
580	645	(26,11,20)
581	646	(24,50,4)
582	647	(24,50,5)
583	649	(38,12,10)
584	650	(44,3,26)
585	651	(44,5,31)
586	652	(26,36,31)
587	653	(28,2,6)
588	654	(28,2,7)
589	655	(40,9,13)
590	656	(26,20,43)
591	658	(50,1,29)
592	659	(49,2,8)
593	660	(43,6,45)
594	662	(24,32,39)
595	665	(20,28,5)
596	666	(23,2,3)
597	667	(47,4,6)
598	668	(20,2,5)
599	669	(20,2,9)
600	670	(23,35,8)
601	671	(23,29,18)
602	672	(23,29,24)
603	673	(28,6,3)
604	674	(23,52,6)
605	675	(40,11,25)
606	676	(62,5,20)
607	677	(24,31,34)
608	678	(42,1,77)
609	679	(42,1,79)
610	680	(42,4,18)
611	681	(23,32,3)
612	682	(23,42,7)
613	683	(43,8,12)
614	684	(46,2,14)
615	685	(46,2,15)
616	687	(19,16,7)
617	688	(20,2,6)
618	689	(20,2,7)
619	690	(21,2,26)
620	691	(19,51,6)
621	692	(59,1,5)
622	694	(19,32,8)
623	695	(43,7,17)
624	696	(19,25,8)
625	697	(19,25,12)
626	699	(23,30,21)
627	700	(23,61,8)
628	701	(19,73,24)
629	702	(23,58,11)
630	703	(19,23,3)
631	704	(23,49,10)
632	705	(5,32,10)
633	706	(5,32,12)
634	708	(20,10,31)
635	709	(20,10,32)
636	710	(23,32,4)
637	711	(20,16,1)
638	712	(46,12,8)
639	713	(42,21,15)
640	715	(19,23,2)
641	716	(23,49,9)
642	717	(23,49,10)
643	718	(23,52,7)
644	719	(23,52,8)
645	720	(23,62,6)
646	721	(24,3,15)
647	722	(23,41,18)
648	723	(24,31,12)
649	724	(24,31,14)
650	725	(23,30,20)
651	726	(23,56,7)
652	727	(26,34,15)
653	728	(49,4,11)
654	729	(49,4,13)
655	731	(19,36,8)
656	732	(19,36,9)
657	733	(19,63,2)
658	734	(19,63,5)
659	735	(22,2,3)
660	736	(19,92,13)
661	737	(19,68,24)
662	738	(19,65,4)
663	739	(19,89,15)
664	740	(19,89,16)
665	741	(19,84,4)
666	742	(19,84,11)
667	743	(23,48,17)
668	744	(23,12,3)
669	745	(23,60,7)
670	746	(40,18,20)
671	749	(28,14,8)
672	750	(45,7,24)
673	751	(45,7,25)
674	752	(45,6,6)
675	753	(45,6,14)
676	754	(48,5,16)
677	755	(43,8,32)
678	756	(43,15,2)
679	757	(45,8,2)
680	758	(45,8,4)
681	760	(45,8,37)
682	761	(46,10,13)
683	762	(21,7,18)
684	763	(61,2,9)
685	764	(47,12,9)
686	765	(58,2,18)
687	766	(62,4,4)
688	768	(20,2,12)
689	769	(20,2,16)
690	770	(21,7,26)
691	772	(43,16,33)
692	773	(48,6,14)
693	774	(48,1,4)
694	775	(43,17,15)
695	776	(62,5,4)
696	777	(62,5,5)
697	779	(59,4,7)
698	780	(1,3,15)
699	781	(42,22,31)
700	782	(42,22,32)
701	783	(45,16,20)
702	784	(62,2,14)
703	785	(62,5,18)
704	787	(23,42,3)
705	788	(23,12,2)
706	789	(23,40,29)
707	790	(23,40,31)
708	791	(18,11,15)
709	792	(47,12,9)
710	793	(19,31,24)
711	794	(38,10,12)
712	795	(19,68,35)
713	796	(38,12,8)
714	797	(23,35,3)
715	798	(23,35,4)
716	799	(29,3,16)
717	800	(55,1,7)
718	803	(61,1,8)
719	804	(28,14,5)
720	805	(28,14,8)
721	806	(19,1,3)
722	807	(24,31,12)
723	808	(43,15,2)
724	809	(43,15,5)
725	811	(19,92,14)
726	813	(18,17,9)
727	814	(19,84,7)
728	815	(19,92,12)
729	816	(20,4,18)
730	817	(39,4,2)
731	818	(40,13,12)
732	819	(59,4,6)
733	821	(23,11,6)
734	822	(23,11,9)
735	824	(43,10,28)
736	825	(43,10,29)
737	826	(53,3,3)
738	827	(47,1,21)
739	828	(46,1,8)
740	829	(43,17,11)
741	830	(50,1,6)
742	831	(52,5,23)
743	832	(52,5,24)
744	833	(45,8,38)
745	834	(45,8,39)
746	835	(20,10,25)
747	836	(19,94,18)
748	837	(60,1,5)
749	838	(65,1,24)
750	839	(61,1,10)
751	840	(19,138,8)
752	841	(62,5,18)
753	843	(18,5,17)
754	844	(18,5,18)
755	845	(5,8,5)
756	846	(20,3,12)
757	847	(23,1,25)
758	848	(19,94,12)
759	849	(19,94,13)
760	850	(19,119,67)
761	851	(19,119,71)
762	852	(19,119,75)
763	853	(18,36,8)
764	854	(18,36,10)
765	855	(23,48,10)
766	856	(23,27,9)
767	857	(46,11,32)
768	858	(45,5,3)
769	859	(45,5,4)
770	860	(47,4,16)
771	861	(47,4,17)
772	862	(28,2,6)
773	863	(28,2,7)
774	864	(66,3,19)
775	865	(50,1,19)
776	866	(27,11,35)
777	867	(59,1,3)
778	868	(59,1,12)
779	869	(58,12,6)
780	870	(58,12,7)
781	871	(58,12,10)
782	872	(58,12,11)
783	873	(27,12,10)
784	874	(60,1,7)
785	875	(38,13,9)
786	877	(5,30,6)
787	878	(1,17,7)
788	879	(1,17,9)
789	880	(46,7,14)
790	881	(44,2,39)
791	882	(44,16,31)
792	883	(23,54,13)
793	884	(41,10,14)
794	885	(41,10,16)
795	886	(23,44,3)
796	887	(23,44,5)
797	890	(1,17,7)
798	891	(66,21,3)
799	892	(24,30,22)
800	893	(47,6,16)
801	894	(58,8,10)
802	895	(3,26,12)
803	896	(19,48,14)
804	897	(23,41,10)
805	898	(23,54,5)
806	899	(26,34,24)
807	900	(26,34,31)
808	901	(58,11,16)
809	903	(1,15,1)
810	904	(19,16,5)
811	905	(25,3,24)
812	906	(19,73,26)
813	908	(23,28,5)
814	910	(19,140,13)
815	911	(2,33,14)
816	912	(4,23,21)
817	913	(23,41,10)
818	914	(26,34,30)
819	915	(14,15,2)
820	916	(5,31,8)
821	917	(43,14,23)
822	918	(29,2,27)
823	920	(19,4,3)
824	921	(5,7,13)
825	922	(19,42,8)
826	923	(19,146,8)
827	924	(28,14,4)
828	925	(20,15,9)
829	926	(23,62,4)
830	927	(23,62,5)
831	928	(23,43,4)
832	929	(24,31,3)
833	930	(24,32,41)
834	931	(36,3,17)
835	932	(49,2,4)
836	933	(45,9,25)
837	934	(19,103,4)
838	935	(43,16,27)
839	936	(53,2,16)
840	937	(43,17,23)
841	938	(43,17,26)
842	939	(62,4,10)
843	940	(62,4,16)
844	941	(62,4,19)
845	943	(23,60,10)
846	944	(5,4,31)
847	945	(24,31,20)
848	946	(28,2,23)
849	947	(23,48,9)
850	948	(23,30,18)
851	949	(19,103,13)
852	950	(19,103,17)
853	951	(28,11,8)
854	952	(28,11,9)
855	953	(18,11,6)
856	954	(2,33,19)
857	956	(19,46,11)
858	957	(45,8,31)
859	958	(28,13,9)
860	959	(19,40,17)
861	960	(5,33,27)
862	961	(5,33,29)
863	962	(58,13,6)
864	963	(23,41,10)
865	964	(23,41,13)
866	965	(23,41,14)
867	967	(38,2,8)
868	968	(60,5,7)
869	969	(19,33,18)
870	970	(23,46,3)
871	971	(23,46,4)
872	972	(42,21,18)
873	973	(40,10,30)
874	974	(23,63,9)
875	975	(5,32,11)
876	976	(5,32,12)
877	978	(23,55,3)
878	979	(10,23,5)
879	980	(28,2,19)
880	981	(28,2,20)
881	983	(23,44,21)
882	984	(3,26,11)
883	985	(19,94,14)
884	986	(23,49,14)
885	987	(23,49,16)
886	988	(23,54,9)
887	989	(23,54,10)
888	990	(58,13,5)
889	991	(19,9,10)
890	992	(23,42,16)
891	993	(19,37,28)
892	994	(25,3,31)
893	995	(25,3,32)
894	996	(24,32,40)
895	998	(23,55,4)
896	999	(23,9,6)
897	1000	(22,2,16)
898	1001	(43,6,37)
899	1002	(43,3,16)
900	1003	(26,34,23)
901	1004	(39,4,2)
902	1005	(23,42,6)
903	1007	(43,1,16)
904	1008	(43,1,17)
905	1009	(49,1,23)
906	1010	(23,45,24)
907	1011	(46,1,30)
908	1012	(44,5,31)
909	1014	(23,49,9)
910	1015	(23,42,7)
911	1016	(60,1,18)
912	1017	(60,1,19)
913	1018	(41,10,45)
914	1019	(48,3,13)
915	1020	(49,1,7)
916	1021	(49,5,2)
917	1022	(48,4,4)
918	1023	(48,4,5)
919	1024	(58,9,14)
920	1025	(58,9,15)
921	1026	(46,5,7)
922	1027	(66,5,9)
923	1029	(43,14,19)
924	1030	(43,6,57)
925	1031	(51,3,3)
926	1032	(51,3,4)
927	1033	(48,2,20)
928	1034	(49,2,1)
929	1035	(49,2,5)
930	1036	(49,2,6)
931	1037	(62,5,12)
932	1038	(43,10,10)
933	1039	(43,5,21)
934	1040	(47,13,4)
935	1041	(45,6,8)
936	1042	(45,6,11)
937	1044	(23,53,12)
938	1045	(58,7,25)
939	1046	(45,8,34)
940	1047	(58,9,24)
941	1048	(58,4,14)
942	1049	(58,4,16)
943	1051	(43,15,9)
944	1052	(43,13,1)
945	1053	(43,13,34)
946	1054	(66,3,9)
947	1055	(19,45,11)
948	1056	(49,5,2)
949	1057	(22,7,10)
950	1058	(22,4,9)
951	1059	(66,1,5)
952	1060	(45,8,37)
953	1061	(22,2,4)
954	1062	(22,2,6)
955	1064	(66,2,1)
956	1065	(23,40,11)
957	1066	(23,42,3)
958	1067	(49,5,25)
959	1068	(49,5,27)
960	1069	(49,5,29)
961	1071	(62,1,3)
962	1072	(43,14,18)
963	1073	(43,14,21)
964	1074	(66,3,20)
965	1076	(20,1,23)
966	1077	(23,32,15)
967	1078	(26,36,27)
968	1079	(42,11,13)
969	1080	(23,59,21)
970	1081	(43,4,10)
971	1082	(43,4,14)
972	1083	(55,1,14)
973	1084	(48,3,14)
974	1085	(46,2,12)
975	1086	(43,7,38)
976	1087	(43,7,39)
977	1088	(43,14,16)
978	1089	(43,14,17)
979	1091	(42,12,12)
980	1092	(46,2,10)
981	1093	(43,16,13)
982	1094	(62,2,27)
983	1096	(48,4,6)
984	1097	(38,12,10)
985	1098	(45,8,15)
986	1099	(45,8,26)
987	1100	(45,8,27)
988	1101	(19,10,17)
989	1103	(45,8,16)
990	1105	(47,1,22)
991	1106	(49,4,30)
992	1107	(47,5,5)
993	1108	(45,5,5)
994	1109	(49,1,13)
995	1110	(49,1,14)
996	1112	(43,14,16)
997	1113	(43,14,18)
998	1114	(44,9,31)
999	1116	(45,14,17)
1000	1118	(19,34,7)
1001	1119	(58,1,14)
1002	1120	(19,91,11)
1003	1121	(19,91,12)
1004	1122	(40,18,10)
1005	1124	(66,1,6)
1006	1125	(2,19,6)
1007	1126	(66,5,10)
1008	1127	(60,2,9)
1009	1130	(23,32,17)
1010	1131	(19,25,13)
1011	1132	(42,7,50)
1012	1134	(19,85,8)
1013	1135	(19,147,3)
1014	1136	(53,3,16)
1015	1137	(51,3,15)
1016	1138	(43,14,27)
1017	1139	(23,57,19)
1018	1140	(50,4,7)
1019	1142	(23,12,1)
1020	1143	(43,14,18)
1021	1144	(23,49,13)
1022	1145	(23,57,18)
1023	1146	(24,6,16)
1024	1147	(23,54,7)
1025	1148	(23,54,8)
1026	1149	(23,61,1)
1027	1150	(23,61,3)
1028	1151	(23,51,12)
1029	1152	(20,14,14)
1030	1153	(47,7,6)
1031	1154	(53,2,16)
1032	1155	(53,2,17)
1033	1156	(23,66,11)
1034	1157	(23,66,13)
1035	1158	(47,1,3)
1036	1159	(47,1,4)
1037	1161	(62,3,3)
1038	1162	(19,31,24)
1039	1163	(19,42,11)
1040	1164	(58,6,18)
1041	1165	(58,6,19)
1042	1166	(60,1,3)
1043	1167	(60,1,13)
1044	1168	(60,1,21)
1045	1169	(19,71,5)
1046	1170	(19,94,19)
1047	1171	(51,1,5)
1048	1172	(51,1,23)
1049	1173	(51,1,27)
1050	1175	(16,8,10)
1051	1176	(23,55,12)
1052	1177	(19,68,3)
1053	1178	(19,4,7)
1054	1179	(19,64,10)
1055	1180	(19,63,5)
1056	1181	(23,65,14)
1057	1182	(19,118,15)
1058	1183	(19,97,11)
1059	1184	(18,22,26)
1060	1185	(19,126,5)
1061	1186	(19,126,6)
1062	1187	(19,89,15)
1063	1188	(19,89,16)
1064	1189	(23,61,7)
1065	1190	(23,61,10)
1066	1191	(45,5,2)
1067	1192	(23,41,16)
1068	1193	(19,33,21)
1069	1194	(22,1,4)
1070	1195	(43,16,22)
1071	1196	(23,9,3)
1072	1197	(60,1,8)
1073	1198	(23,51,11)
1074	1199	(35,3,18)
1075	1200	(43,15,11)
1076	1202	(20,14,32)
1077	1203	(19,37,37)
1078	1204	(19,49,15)
1079	1205	(19,48,14)
1080	1206	(19,73,26)
1081	1207	(45,8,38)
1082	1208	(45,8,39)
1083	1209	(23,25,8)
1084	1210	(47,4,16)
1085	1211	(55,1,12)
1086	1212	(19,23,4)
1087	1213	(28,13,14)
1088	1214	(46,15,55)
1089	1215	(46,15,57)
1090	1216	(58,2,14)
1091	1217	(58,2,15)
1092	1221	(23,45,17)
1093	1222	(20,10,2)
1094	1223	(20,11,4)
1095	1224	(20,15,24)
1096	1225	(19,86,13)
1097	1226	(45,5,9)
1098	1227	(43,8,51)
1099	1228	(52,1,10)
1100	1229	(43,3,16)
1101	1230	(52,5,9)
1102	1231	(66,20,6)
1103	1233	(23,57,2)
1104	1234	(47,5,8)
1105	1235	(42,16,25)
1106	1236	(19,73,24)
1107	1237	(19,49,15)
1108	1238	(42,23,43)
1109	1239	(50,1,21)
1110	1240	(50,1,23)
1111	1241	(58,12,22)
1112	1242	(58,12,23)
1113	1243	(18,3,17)
1114	1244	(18,3,18)
1115	1245	(66,14,13)
1116	1247	(27,12,2)
1117	1248	(19,16,9)
1118	1249	(19,16,10)
1119	1250	(23,26,19)
1120	1251	(43,5,28)
1121	1252	(43,5,29)
1122	1253	(42,20,35)
1123	1254	(42,20,36)
1124	1255	(18,19,26)
1125	1256	(18,19,27)
1126	1257	(43,6,39)
1127	1258	(43,6,40)
1128	1259	(43,6,54)
1129	1260	(47,5,1)
1130	1261	(47,5,4)
1131	1262	(45,8,11)
1132	1263	(46,15,21)
1133	1264	(46,15,42)
1134	1265	(46,15,44)
1135	1266	(46,15,49)
1136	1267	(46,15,51)
1137	1268	(46,15,54)
1138	1269	(43,11,25)
1139	1270	(47,4,14)
1140	1271	(46,6,2)
1141	1272	(46,6,3)
1142	1273	(50,3,21)
1143	1274	(52,4,14)
1144	1275	(52,4,17)
1145	1276	(55,1,10)
1146	1278	(45,2,7)
1147	1279	(45,5,10)
1148	1280	(45,5,17)
1149	1281	(53,1,5)
1150	1282	(53,1,7)
1151	1283	(53,1,10)
1152	1284	(53,1,12)
1153	1285	(58,4,9)
1154	1286	(19,49,14)
1155	1287	(61,3,13)
1156	1288	(66,3,4)
1157	1289	(43,14,2)
1158	1290	(43,14,3)
1159	1291	(58,11,9)
1160	1292	(58,11,10)
1161	1293	(58,11,16)
1162	1294	(66,22,5)
1163	1295	(23,60,20)
1164	1296	(60,1,9)
1165	1297	(60,1,13)
1166	1298	(58,9,15)
1167	1299	(66,7,15)
1168	1300	(66,7,17)
1169	1301	(46,2,9)
1170	1302	(62,3,2)
1171	1303	(66,11,18)
1172	1304	(43,17,22)
1173	1305	(43,17,24)
1174	1306	(66,21,22)
1175	1307	(66,21,23)
1176	1308	(66,2,10)
1177	1310	(66,22,3)
1178	1311	(23,60,20)
1179	1312	(40,6,20)
1180	1313	(66,21,4)
1181	1315	(40,25,21)
1182	1316	(65,1,24)
1183	1317	(19,16,11)
1184	1319	(40,13,43)
1185	1320	(60,4,13)
1186	1321	(51,3,4)
1187	1322	(55,2,10)
1188	1323	(45,8,17)
1189	1324	(45,8,18)
1190	1325	(47,4,17)
1191	1326	(47,4,18)
1192	1327	(27,12,3)
1193	1329	(42,12,32)
1194	1330	(55,4,18)
1195	1331	(40,25,34)
1196	1332	(61,1,11)
1197	1333	(42,22,29)
1198	1334	(42,22,30)
1199	1336	(49,1,18)
1200	1337	(60,1,3)
1201	1338	(60,1,4)
1202	1340	(52,4,17)
1203	1341	(19,36,9)
1204	1342	(19,17,15)
1205	1343	(66,22,3)
1206	1344	(66,22,4)
1207	1346	(40,25,46)
1208	1347	(62,2,25)
1209	1348	(43,6,47)
1210	1349	(43,6,51)
1211	1350	(43,6,54)
1212	1351	(45,6,23)
1213	1352	(48,6,8)
1214	1353	(42,20,36)
1215	1354	(56,1,2)
1216	1355	(43,10,27)
1217	1356	(43,10,28)
1218	1357	(43,11,25)
1219	1358	(43,11,26)
1220	1359	(45,2,7)
1221	1360	(62,5,11)
1222	1361	(62,5,13)
1223	1362	(43,3,16)
1224	1368	(23,28,16)
1225	1369	(60,2,6)
1226	1370	(43,12,46)
1227	1371	(43,3,16)
1228	1372	(43,3,18)
1229	1373	(43,3,36)
1230	1374	(43,6,47)
1231	1375	(49,2,8)
1232	1376	(42,7,50)
1233	1377	(23,45,22)
1234	1378	(41,9,23)
1235	1379	(45,10,4)
1236	1380	(44,16,31)
1237	1381	(45,9,33)
1238	1382	(45,4,5)
1239	1383	(44,10,43)
1240	1384	(40,11,28)
1241	1385	(58,10,38)
1242	1386	(58,10,39)
1243	1387	(43,6,35)
1244	1388	(43,6,37)
1245	1389	(48,3,9)
1246	1390	(48,3,7)
1247	1391	(48,3,22)
1248	1392	(60,2,4)
1249	1393	(60,2,5)
1250	1394	(43,20,29)
1251	1395	(54,4,10)
1252	1396	(58,6,12)
1253	1397	(43,1,12)
1254	1399	(62,4,15)
1255	1400	(40,10,32)
1256	1401	(45,10,9)
1257	1402	(45,10,10)
1258	1404	(24,36,3)
1259	1405	(38,1,3)
1260	1406	(39,3,7)
1261	1407	(14,30,9)
1262	1408	(24,4,14)
1263	1409	(14,7,14)
1264	1410	(24,26,3)
1265	1411	(24,26,13)
1266	1412	(24,18,8)
1267	1413	(23,55,7)
1268	1414	(26,18,21)
1269	1415	(26,18,23)
1270	1416	(26,18,30)
1271	1417	(26,18,32)
1272	1418	(19,37,27)
1273	1419	(20,1,23)
1274	1420	(29,2,12)
1275	1421	(29,2,14)
1276	1422	(26,33,14)
1277	1423	(26,33,16)
1278	1424	(26,33,19)
1279	1425	(18,22,23)
1280	1426	(49,5,14)
1281	1427	(44,2,38)
1282	1428	(44,3,19)
1283	1430	(26,9,4)
1284	1431	(26,9,6)
1285	1433	(28,6,1)
1286	1434	(18,33,27)
1287	1435	(18,33,28)
1288	1436	(5,4,30)
1289	1437	(5,4,31)
1290	1439	(20,28,13)
1291	1440	(19,32,5)
1292	1441	(19,32,7)
1293	1442	(62,1,9)
1294	1443	(42,15,21)
1295	1444	(42,15,22)
1296	1445	(3,26,40)
1297	1446	(3,26,42)
1298	1447	(24,3,12)
1299	1448	(24,3,13)
1300	1450	(19,106,3)
1301	1451	(40,5,19)
1302	1452	(5,4,1)
1303	1453	(5,4,6)
1304	1454	(5,29,9)
1305	1455	(5,11,27)
1306	1456	(5,5,29)
1307	1457	(5,7,12)
1308	1458	(5,6,3)
1309	1459	(5,6,18)
1310	1460	(5,6,19)
1311	1461	(3,25,18)
1312	1462	(3,25,19)
1313	1463	(9,12,14)
1314	1464	(5,32,46)
1315	1465	(5,32,47)
1316	1466	(5,13,17)
1317	1467	(5,13,18)
1318	1468	(14,15,7)
1319	1469	(19,25,10)
1320	1470	(18,36,11)
1321	1471	(2,19,5)
1322	1472	(19,119,1)
1323	1473	(19,119,2)
1324	1474	(19,119,6)
1325	1475	(13,22,12)
1326	1476	(13,22,13)
1327	1477	(20,19,16)
1328	1478	(23,48,18)
1329	1479	(66,22,14)
1330	1480	(24,7,23)
1331	1481	(11,2,3)
1332	1482	(5,30,15)
1333	1483	(5,30,16)
1334	1484	(62,2,17)
1335	1485	(43,13,17)
1336	1486	(19,50,23)
1337	1487	(43,7,17)
1338	1488	(40,12,50)
1339	1489	(62,3,22)
1340	1490	(40,7,21)
1341	1491	(59,1,25)
1342	1492	(20,29,18)
1343	1493	(45,2,13)
1344	1494	(23,1,19)
1345	1495	(50,4,9)
1346	1497	(43,15,10)
1347	1498	(58,5,9)
1348	1499	(2,23,22)
1349	1500	(23,50,10)
1350	1501	(43,8,51)
1351	1502	(43,5,24)
1352	1503	(40,7,24)
1353	1504	(40,7,25)
1354	1506	(19,18,25)
1355	1507	(13,29,17)
1356	1508	(19,11,7)
1357	1509	(14,16,9)
1358	1510	(20,10,29)
1359	1511	(20,13,6)
1360	1512	(19,119,80)
1361	1513	(19,125,4)
1362	1514	(19,37,18)
1363	1515	(19,15,1)
1364	1516	(19,15,2)
1365	1517	(20,11,3)
1366	1518	(20,11,6)
1367	1519	(20,11,20)
1368	1520	(20,2,7)
1369	1521	(20,2,21)
1370	1522	(20,15,8)
1371	1523	(20,12,22)
1372	1524	(33,2,7)
1373	1525	(62,3,21)
1374	1526	(45,14,22)
1375	1527	(20,21,18)
1376	1528	(18,8,6)
1377	1529	(20,28,10)
1378	1530	(20,28,18)
1379	1531	(20,28,20)
1380	1533	(16,1,5)
1381	1534	(45,8,28)
1382	1535	(19,91,14)
1383	1536	(19,37,4)
1384	1537	(2,20,6)
1385	1538	(5,7,9)
1386	1539	(5,11,13)
1387	1540	(5,11,14)
1388	1541	(19,145,20)
1389	1542	(46,8,3)
1390	1543	(7,5,31)
1391	1544	(59,2,5)
1392	1545	(46,2,9)
1393	1546	(27,9,4)
1394	1548	(43,14,21)
1395	1549	(55,4,8)
1396	1550	(49,6,24)
1397	1551	(59,1,12)
1398	1552	(20,8,17)
1399	1553	(20,8,21)
1400	1555	(19,18,30)
1401	1556	(19,2,12)
1402	1557	(19,125,1)
1403	1558	(19,27,14)
1404	1559	(19,31,19)
1405	1560	(19,31,24)
1406	1561	(19,26,1)
1407	1562	(19,34,8)
1408	1563	(19,84,12)
1409	1564	(19,40,4)
1410	1565	(19,56,4)
1411	1566	(23,25,9)
1412	1567	(19,112,7)
1413	1568	(19,112,8)
1414	1569	(19,37,3)
1415	1570	(19,37,9)
1416	1571	(19,37,40)
1417	1572	(23,30,18)
1418	1573	(23,49,23)
1419	1574	(20,28,25)
1420	1575	(19,146,5)
1421	1576	(20,16,3)
1422	1577	(20,16,20)
1423	1578	(23,26,3)
1424	1579	(23,26,4)
1425	1580	(24,17,7)
1426	1581	(24,17,8)
1427	1582	(45,8,24)
1428	1583	(34,1,7)
1429	1584	(20,29,25)
1430	1585	(60,5,7)
1431	1586	(33,7,7)
1432	1587	(23,57,13)
1433	1588	(19,34,22)
1434	1589	(25,3,25)
1435	1590	(25,3,26)
1436	1592	(19,85,9)
1437	1593	(19,115,13)
1438	1594	(20,16,6)
1439	1595	(21,8,12)
1440	1596	(19,128,1)
1441	1597	(19,31,19)
1442	1598	(19,25,14)
1443	1599	(19,103,11)
1444	1600	(20,3,7)
1445	1601	(20,3,8)
1446	1602	(20,14,26)
1447	1603	(20,14,27)
1448	1604	(19,147,11)
1449	1605	(42,1,50)
1450	1606	(44,13,26)
1451	1607	(44,10,35)
1452	1608	(39,4,2)
1453	1609	(20,19,23)
1454	1611	(9,2,30)
1455	1612	(20,3,9)
1456	1613	(20,3,10)
1457	1615	(19,145,18)
1458	1616	(19,18,3)
1459	1617	(18,33,26)
1460	1618	(19,10,17)
1461	1619	(2,34,24)
1462	1620	(5,4,7)
1463	1621	(19,86,5)
1464	1622	(19,86,7)
1465	1623	(19,73,28)
1466	1624	(59,4,8)
1467	1625	(29,2,32)
1468	1626	(19,6,9)
1469	1627	(24,33,3)
1470	1628	(26,36,37)
1471	1629	(58,4,14)
1472	1630	(58,4,16)
1473	1631	(19,55,17)
1474	1632	(18,22,21)
1475	1633	(45,10,12)
1476	1634	(45,10,13)
1477	1636	(13,28,9)
1478	1637	(24,29,13)
1479	1638	(5,4,29)
1480	1639	(18,8,5)
1481	1640	(18,8,6)
1482	1641	(30,5,4)
1483	1642	(19,69,32)
1484	1643	(19,9,10)
1485	1644	(23,45,19)
1486	1645	(15,8,22)
1487	1646	(28,10,12)
1488	1647	(25,3,25)
1489	1648	(44,17,27)
1490	1649	(14,15,2)
1491	1650	(58,11,6)
1492	1652	(40,6,6)
1493	1654	(19,135,3)
1494	1655	(19,69,30)
1495	1656	(19,69,31)
1496	1657	(19,92,1)
1497	1658	(19,92,2)
1498	1660	(19,81,10)
1499	1661	(66,21,6)
1500	1662	(40,5,6)
1501	1663	(66,22,17)
1502	1664	(23,55,1)
1503	1665	(43,7,37)
1504	1666	(43,7,38)
1505	1669	(20,8,35)
1506	1670	(20,1,5)
1507	1671	(20,1,6)
1508	1672	(20,13,15)
1509	1673	(20,9,12)
1510	1674	(20,10,17)
1511	1675	(20,4,6)
1512	1676	(20,4,8)
1513	1677	(20,4,9)
1514	1678	(20,3,13)
1515	1679	(20,3,18)
1516	1680	(20,3,35)
1517	1681	(20,11,29)
1518	1682	(20,21,20)
1519	1683	(20,19,8)
1520	1684	(20,16,20)
1521	1685	(20,16,22)
1522	1686	(21,7,12)
1523	1687	(20,24,3)
1524	1688	(20,24,5)
1525	1689	(20,24,13)
1526	1690	(20,24,14)
1527	1691	(21,10,10)
1528	1692	(20,28,26)
1529	1693	(20,12,8)
1530	1694	(20,15,24)
1531	1695	(21,8,1)
1532	1696	(27,2,21)
1533	1697	(28,14,9)
1534	1698	(27,12,3)
1535	1699	(27,12,10)
1536	1700	(19,107,43)
1537	1702	(28,6,3)
1538	1703	(20,8,17)
1539	1704	(20,4,13)
1540	1705	(20,19,20)
1541	1706	(20,2,3)
1542	1707	(20,2,5)
1543	1708	(14,1,11)
1544	1709	(14,1,12)
1545	1711	(19,91,14)
1546	1712	(43,17,3)
1547	1713	(61,1,2)
1548	1714	(61,1,3)
1549	1716	(40,11,29)
1550	1719	(20,8,34)
1551	1720	(23,2,3)
1552	1721	(46,1,21)
1553	1722	(43,5,39)
1554	1723	(41,4,24)
1555	1724	(41,4,25)
1556	1725	(23,55,2)
1557	1726	(23,55,3)
1558	1727	(23,55,10)
1559	1728	(23,55,12)
1560	1729	(45,10,17)
1561	1730	(66,1,3)
1562	1731	(45,1,16)
1563	1732	(59,1,21)
1564	1733	(61,1,19)
1565	1734	(19,19,7)
1566	1735	(19,19,8)
1567	1736	(19,19,11)
1568	1737	(20,6,23)
1569	1738	(55,3,15)
1570	1739	(19,119,105)
1571	1740	(58,4,12)
1572	1742	(19,119,165)
1573	1743	(60,2,2)
1574	1744	(19,112,1)
1575	1746	(20,13,13)
1576	1747	(23,66,2)
1577	1749	(20,14,22)
1578	1750	(19,37,31)
1579	1751	(6,1,8)
1580	1752	(5,11,18)
1581	1753	(5,11,21)
1582	1754	(19,119,9)
1583	1755	(23,64,5)
1584	1756	(20,4,26)
1585	1757	(19,63,5)
1586	1758	(19,63,6)
1587	1759	(19,103,17)
1588	1760	(19,103,18)
1589	1761	(19,1,2)
1590	1762	(19,1,3)
1591	1764	(29,2,15)
1592	1765	(29,2,18)
1593	1767	(40,6,17)
1594	1768	(40,6,18)
1595	1770	(41,16,16)
1596	1771	(44,2,38)
1597	1772	(48,3,27)
1598	1773	(44,22,16)
1599	1774	(46,12,13)
1600	1775	(51,2,12)
1601	1776	(60,3,20)
1602	1777	(60,3,21)
1603	1778	(45,6,3)
1604	1779	(45,6,4)
1605	1781	(46,12,13)
1606	1782	(46,10,16)
1607	1783	(40,26,26)
1608	1784	(40,26,28)
1609	1785	(43,6,54)
1610	1786	(43,6,57)
1611	1787	(43,6,63)
1612	1788	(22,5,1)
1613	1789	(22,2,3)
1614	1790	(22,2,4)
1615	1791	(23,25,6)
1616	1793	(20,15,4)
1617	1794	(20,15,23)
1618	1795	(39,3,16)
1619	1796	(39,3,17)
1620	1797	(20,13,2)
1621	1798	(20,16,24)
1622	1799	(20,18,20)
1623	1800	(20,18,21)
1624	1801	(20,12,6)
1625	1802	(20,12,14)
1626	1803	(20,12,18)
1627	1805	(20,14,3)
1628	1806	(20,21,23)
1629	1807	(60,3,10)
1630	1808	(20,13,3)
1631	1809	(40,12,37)
1632	1811	(46,10,12)
1633	1812	(20,28,14)
1634	1813	(41,13,35)
1635	1814	(41,13,36)
1636	1815	(41,13,37)
1637	1816	(66,16,15)
1638	1817	(42,12,37)
1639	1818	(42,12,38)
1640	1820	(20,27,17)
1641	1821	(20,13,20)
1642	1823	(19,1,1)
1643	1824	(47,6,17)
1644	1826	(19,15,1)
1645	1827	(19,15,4)
1646	1828	(19,24,4)
1647	1829	(19,24,5)
1648	1831	(2,20,11)
1649	1832	(23,58,13)
1650	1833	(23,58,14)
1651	1834	(23,56,2)
1652	1835	(23,56,6)
1653	1836	(23,56,7)
1654	1837	(41,2,27)
1655	1838	(19,118,24)
1656	1839	(44,20,7)
1657	1840	(26,20,20)
1658	1841	(43,20,19)
1659	1842	(66,1,10)
1660	1843	(66,1,11)
1661	1844	(24,17,24)
1662	1845	(24,17,25)
1663	1849	(49,6,1)
1664	1850	(49,6,3)
1665	1851	(20,1,8)
1666	1852	(20,1,9)
1667	1853	(54,5,4)
1668	1854	(51,3,20)
1669	1855	(20,6,20)
1670	1856	(20,6,22)
1671	1857	(24,35,18)
1672	1858	(24,35,19)
1673	1860	(1,18,19)
1674	1861	(20,22,6)
1675	1862	(5,11,19)
1676	1863	(5,11,21)
1677	1865	(20,22,15)
1678	1866	(20,23,13)
1679	1867	(20,23,14)
1680	1868	(20,29,15)
1681	1869	(20,29,17)
1682	1871	(20,14,1)
1683	1872	(20,11,16)
1684	1873	(20,12,4)
1685	1874	(20,31,10)
1686	1875	(20,31,25)
1687	1876	(20,31,28)
1688	1877	(20,31,30)
1689	1878	(20,31,31)
1690	1880	(20,27,18)
1691	1881	(20,17,2)
1692	1882	(20,14,35)
1693	1883	(51,3,22)
1694	1884	(51,3,24)
1695	1885	(49,6,5)
1696	1886	(49,6,8)
1697	1888	(20,16,12)
1698	1889	(20,20,28)
1699	1890	(20,29,14)
1700	1891	(23,28,5)
1701	1892	(23,28,6)
1702	1893	(5,17,18)
1703	1894	(5,17,20)
1704	1896	(60,2,13)
1705	1897	(60,2,15)
1706	1898	(21,8,5)
1707	1900	(23,49,4)
1708	1901	(23,32,20)
1709	1902	(24,31,14)
1710	1903	(60,5,1)
1711	1904	(60,5,4)
1712	1905	(66,2,1)
1713	1906	(54,4,16)
1714	1907	(27,12,3)
1715	1908	(40,28,20)
1716	1909	(43,4,36)
1717	1910	(42,12,42)
1718	1911	(42,12,44)
1719	1912	(19,132,16)
1720	1913	(24,20,11)
1721	1914	(26,3,8)
1722	1915	(26,3,9)
1723	1916	(24,15,19)
1724	1917	(24,15,21)
1725	1918	(42,21,15)
1726	1919	(5,10,9)
1727	1920	(5,33,11)
1728	1921	(40,10,19)
1729	1922	(40,10,20)
1730	1923	(24,1,7)
1731	1924	(24,1,8)
1732	1925	(24,1,19)
1733	1927	(42,10,16)
1734	1928	(14,20,20)
1735	1929	(43,13,20)
1736	1930	(40,10,40)
1737	1931	(40,10,41)
1738	1933	(43,13,35)
1739	1934	(62,2,10)
1740	1935	(47,13,11)
1741	1936	(19,133,1)
1742	1937	(19,133,3)
1743	1939	(20,12,20)
1744	1940	(40,5,9)
1745	1941	(60,3,10)
1746	1942	(60,3,11)
1747	1944	(19,122,6)
1748	1945	(19,15,1)
1749	1946	(19,15,4)
1750	1947	(62,4,12)
1751	1948	(4,24,9)
1752	1949	(58,6,10)
1753	1950	(62,3,14)
1754	1951	(62,3,18)
1755	1952	(62,3,19)
1756	1954	(20,14,21)
1757	1955	(20,19,17)
1758	1956	(19,37,25)
1759	1957	(19,37,26)
1760	1958	(20,11,24)
1761	1959	(20,11,25)
1762	1960	(20,11,27)
1763	1961	(19,112,5)
1764	1962	(19,112,6)
1765	1963	(19,112,9)
1766	1964	(19,41,1)
1767	1965	(19,41,3)
1768	1966	(40,10,42)
1769	1967	(21,11,1)
1770	1968	(21,11,2)
1771	1969	(23,58,7)
1772	1970	(23,58,8)
1773	1971	(23,58,10)
1774	1972	(23,58,11)
1775	1973	(23,32,8)
1776	1974	(20,22,9)
1777	1975	(20,28,8)
1778	1976	(20,28,27)
1779	1977	(42,16,9)
1780	1978	(40,25,34)
1781	1979	(40,25,36)
1782	1980	(40,25,40)
1783	1981	(42,11,41)
1784	1982	(42,12,33)
1785	1983	(42,14,13)
1786	1984	(42,14,14)
1787	1985	(42,6,38)
1788	1986	(47,9,8)
1789	1987	(47,9,10)
1790	1988	(58,13,16)
1791	1989	(41,10,21)
1792	1990	(47,8,12)
1793	1991	(47,9,6)
1794	1992	(47,9,7)
1795	1993	(5,15,10)
1796	1994	(54,6,17)
1797	1995	(54,6,19)
1798	1997	(40,6,3)
1799	1998	(40,6,4)
1800	2000	(20,3,9)
1801	2001	(20,3,10)
1802	2002	(5,14,29)
1803	2003	(39,3,10)
1804	2004	(39,3,12)
1805	2005	(48,6,6)
1806	2006	(48,6,8)
1807	2007	(50,4,17)
1808	2008	(50,4,19)
1809	2010	(20,11,17)
1810	2011	(40,5,7)
1811	2012	(19,18,25)
1812	2013	(20,3,3)
1813	2014	(20,3,4)
1814	2015	(5,24,12)
1815	2016	(5,24,13)
1816	2018	(20,24,25)
1817	2019	(20,28,23)
1818	2020	(20,13,18)
1819	2021	(20,25,12)
1820	2022	(20,15,31)
1821	2023	(20,15,32)
1822	2025	(20,20,22)
1823	2026	(42,6,35)
1824	2027	(42,6,37)
1825	2028	(40,5,44)
1826	2029	(40,5,45)
1827	2030	(40,6,14)
1828	2031	(41,11,25)
1829	2032	(60,3,9)
1830	2033	(20,25,21)
1831	2034	(20,25,22)
1832	2035	(45,12,20)
1833	2037	(40,5,8)
1834	2038	(26,18,5)
1835	2039	(26,18,6)
1836	2040	(26,18,9)
1837	2041	(56,1,15)
1838	2042	(19,18,26)
1839	2043	(19,73,1)
1840	2044	(19,24,3)
1841	2045	(19,24,4)
1842	2046	(55,2,21)
1843	2048	(20,10,4)
1844	2049	(20,14,23)
1845	2050	(20,13,4)
1846	2051	(20,13,11)
1847	2052	(20,21,5)
1848	2053	(20,22,29)
1849	2054	(20,28,19)
1850	2055	(20,12,11)
1851	2056	(20,12,24)
1852	2057	(20,12,27)
1853	2059	(40,25,23)
1854	2060	(40,25,29)
1855	2061	(40,13,12)
1856	2063	(20,20,13)
1857	2065	(20,15,27)
1858	2066	(20,11,1)
1859	2067	(20,12,21)
1860	2068	(20,28,20)
1861	2069	(5,16,20)
1862	2070	(23,33,15)
1863	2071	(23,33,16)
1864	2072	(20,16,8)
1865	2073	(20,21,3)
1866	2074	(19,15,5)
1867	2075	(5,25,15)
1868	2076	(26,18,5)
1869	2077	(26,18,7)
1870	2078	(26,18,9)
1871	2079	(23,56,1)
1872	2080	(23,56,2)
1873	2082	(60,3,10)
1874	2083	(19,34,12)
1875	2084	(19,34,13)
1876	2085	(20,12,19)
1877	2086	(20,12,22)
1878	2087	(19,15,1)
1879	2088	(19,15,3)
1880	2090	(40,7,1)
1881	2091	(40,7,2)
1882	2092	(19,15,1)
1883	2093	(19,15,3)
1884	2096	(54,6,6)
1885	2097	(20,14,30)
1886	2098	(20,17,22)
1887	2099	(20,15,15)
1888	2100	(58,13,5)
1889	2101	(20,23,17)
1890	2102	(20,23,18)
1891	2104	(45,8,13)
1892	2105	(40,5,29)
1893	2106	(40,5,30)
1894	2108	(45,8,6)
1895	2113	(36,2,3)
1896	2114	(20,15,1)
1897	2115	(20,15,18)
1898	2116	(60,3,3)
1899	2117	(60,3,4)
1900	2118	(20,14,29)
1901	2119	(40,5,5)
1902	2120	(19,25,9)
1903	2121	(19,147,6)
1904	2122	(19,149,4)
1905	2123	(19,37,11)
1906	2124	(23,11,4)
1907	2125	(19,22,26)
1908	2126	(23,29,19)
1909	2127	(20,20,3)
1910	2128	(20,19,11)
1911	2129	(20,16,32)
1912	2131	(18,22,29)
1913	2132	(19,9,12)
1914	2133	(19,10,17)
1915	2134	(20,3,34)
1916	2135	(20,11,2)
1917	2136	(59,4,6)
1918	2137	(60,5,5)
1919	2138	(19,138,6)
1920	2139	(20,22,4)
1921	2140	(20,29,23)
1922	2141	(20,15,33)
1923	2142	(20,18,12)
1924	2143	(20,16,19)
1925	2144	(40,18,4)
1926	2145	(40,23,12)
1927	2146	(42,18,14)
1928	2148	(19,34,18)
1929	2149	(19,147,3)
1930	2150	(21,7,3)
1931	2151	(23,66,2)
1932	2152	(19,51,17)
1933	2153	(40,5,3)
1934	2154	(40,5,4)
1935	2155	(23,57,15)
1936	2157	(40,10,39)
1937	2158	(55,2,12)
1938	2159	(40,19,29)
1939	2160	(40,5,10)
1940	2161	(40,5,12)
1941	2162	(45,8,17)
1942	2163	(45,8,35)
1943	2164	(45,8,37)
1944	2165	(47,4,9)
1945	2166	(60,3,14)
1946	2167	(60,3,17)
1947	2168	(58,10,34)
1948	2169	(58,10,35)
1949	2170	(60,4,12)
1950	2171	(60,4,14)
1951	2173	(23,66,5)
1952	2174	(42,6,22)
1953	2175	(42,6,23)
1954	2177	(58,6,12)
1955	2178	(25,3,26)
1956	2179	(25,3,29)
1957	2180	(25,3,31)
1958	2181	(20,10,28)
1959	2182	(45,5,3)
1960	2183	(45,5,4)
1961	2184	(59,1,2)
1962	2185	(59,1,4)
1963	2186	(59,1,12)
1964	2187	(59,5,7)
1965	2188	(59,5,8)
1966	2189	(59,5,11)
1967	2190	(59,4,10)
1968	2191	(60,2,20)
1969	2192	(60,5,6)
1970	2193	(58,10,35)
1971	2194	(58,10,37)
1972	2196	(48,6,9)
1973	2197	(63,1,8)
1974	2198	(63,1,9)
1975	2199	(40,10,22)
1976	2200	(40,24,13)
1977	2201	(66,2,10)
1978	2202	(43,8,31)
1979	2203	(43,8,32)
1980	2204	(46,15,58)
1981	2205	(58,10,23)
1982	2206	(58,10,35)
1983	2207	(62,2,24)
1984	2208	(62,2,28)
1985	2209	(43,15,7)
1986	2211	(45,12,21)
1987	2212	(66,21,7)
1988	2213	(66,2,7)
1989	2214	(66,3,5)
1990	2215	(66,3,12)
1991	2216	(66,3,21)
1992	2217	(66,2,11)
1993	2218	(66,2,17)
1994	2219	(66,2,26)
1995	2220	(66,2,28)
1996	2224	(19,2,8)
1997	2225	(19,2,9)
1998	2226	(23,19,21)
1999	2227	(23,19,24)
2000	2228	(23,19,25)
2001	2229	(19,68,31)
2002	2230	(19,67,2)
2003	2231	(19,67,7)
2004	2232	(19,72,8)
2005	2233	(19,72,11)
2006	2234	(19,72,17)
2007	2235	(19,72,19)
2008	2236	(23,2,2)
2009	2237	(23,2,3)
2010	2238	(33,4,2)
2011	2239	(19,86,9)
2012	2240	(19,110,3)
2013	2241	(23,11,10)
2014	2242	(19,102,15)
2015	2243	(19,102,16)
2016	2244	(19,22,27)
2017	2245	(19,22,28)
2018	2246	(23,23,18)
2019	2247	(23,27,6)
2020	2248	(23,40,3)
2021	2249	(23,40,5)
2022	2250	(23,42,1)
2023	2251	(23,42,4)
2024	2252	(23,42,6)
2025	2253	(23,42,7)
2026	2254	(23,45,23)
2027	2255	(23,45,24)
2028	2256	(23,45,14)
2029	2257	(23,49,6)
2030	2258	(23,49,12)
2031	2259	(23,49,18)
2032	2260	(23,49,20)
2033	2261	(23,49,8)
2034	2262	(23,49,9)
2035	2263	(23,49,11)
2036	2264	(23,49,19)
2037	2265	(23,49,21)
2038	2266	(23,49,22)
2039	2267	(23,60,4)
2040	2268	(23,52,10)
2041	2269	(23,60,3)
2042	2270	(23,60,8)
2043	2271	(23,60,10)
2044	2272	(23,60,4)
2045	2273	(23,60,5)
2046	2274	(23,60,6)
2047	2275	(23,60,7)
2048	2276	(23,60,11)
2049	2277	(23,60,16)
2050	2278	(23,51,4)
2051	2279	(23,51,5)
2052	2280	(23,51,16)
2053	2281	(23,55,4)
2054	2282	(23,55,5)
2055	2283	(23,59,19)
2056	2284	(23,59,20)
2057	2285	(23,54,1)
2058	2286	(23,54,3)
2059	2287	(40,24,14)
2060	2288	(23,66,8)
2061	2289	(23,66,9)
2062	2290	(23,66,18)
2063	2291	(23,66,20)
2064	2292	(23,66,23)
2065	2293	(38,2,10)
2066	2294	(38,2,11)
2067	2295	(27,2,44)
2068	2296	(27,7,13)
2069	2297	(27,7,14)
2070	2298	(27,7,27)
2071	2299	(38,14,9)
2072	2300	(40,8,11)
2073	2301	(44,15,17)
2074	2302	(30,9,11)
2075	2303	(30,9,12)
2076	2304	(23,53,10)
2077	2305	(23,53,12)
2078	2306	(43,12,32)
2079	2307	(38,6,15)
2080	2308	(23,65,17)
2081	2309	(39,1,11)
2082	2310	(38,8,21)
2083	2311	(38,8,23)
2084	2312	(66,11,15)
2085	2313	(66,7,9)
2086	2314	(66,7,10)
2087	2315	(66,12,10)
2088	2317	(66,21,18)
2089	2318	(66,21,21)
2090	2319	(66,21,10)
2091	2320	(66,21,11)
2092	2321	(66,21,22)
2093	2322	(66,21,26)
2094	2323	(19,45,13)
2095	2324	(23,54,11)
2096	2325	(23,54,12)
2097	2326	(23,60,1)
2098	2327	(23,60,2)
2099	2328	(23,60,13)
2100	2329	(23,60,15)
2101	2330	(23,60,19)
2102	2331	(19,87,3)
2103	2332	(23,46,13)
2104	2333	(23,62,2)
2105	2334	(23,62,3)
2106	2335	(19,48,2)
2107	2336	(19,48,12)
2108	2337	(19,48,13)
2109	2339	(23,54,13)
2110	2340	(27,12,4)
2111	2341	(23,11,9)
2112	2342	(23,25,6)
2113	2343	(23,25,7)
2114	2344	(23,41,18)
2115	2345	(23,41,19)
2116	2346	(23,35,6)
2117	2347	(23,35,8)
2118	2348	(23,52,7)
2119	2349	(23,52,8)
2120	2350	(23,29,18)
2121	2351	(23,29,24)
2122	2353	(23,33,5)
2123	2354	(23,33,6)
2124	2355	(23,60,21)
2125	2356	(23,4,3)
2126	2357	(23,4,4)
2127	2358	(66,19,8)
2128	2359	(23,32,15)
2129	2360	(23,32,16)
2130	2361	(39,3,3)
2131	2362	(39,3,4)
2132	2363	(38,14,20)
2133	2364	(38,14,21)
2134	2365	(19,72,5)
2135	2366	(23,45,8)
2136	2367	(23,61,11)
2137	2368	(19,85,10)
2138	2369	(19,85,11)
2139	2370	(19,85,13)
2140	2372	(23,2,4)
2141	2373	(43,17,20)
2142	2374	(43,17,23)
2143	2375	(23,11,6)
2144	2376	(23,11,9)
2145	2377	(23,11,13)
2146	2378	(19,72,3)
2147	2379	(19,72,7)
2148	2380	(49,4,16)
2149	2382	(23,27,1)
2150	2383	(19,110,2)
2151	2384	(19,110,5)
2152	2385	(19,110,6)
2153	2386	(23,59,19)
2154	2387	(23,11,4)
2155	2388	(23,41,11)
2156	2389	(23,41,12)
2157	2390	(23,41,15)
2158	2391	(23,41,16)
2159	2392	(23,49,24)
2160	2393	(23,49,26)
2161	2394	(23,60,14)
2162	2396	(53,2,8)
2163	2397	(27,7,24)
2164	2398	(27,7,26)
2165	2399	(66,14,9)
2166	2400	(66,14,10)
2167	2401	(26,26,19)
2168	2402	(26,26,21)
2169	2403	(66,18,2)
2170	2404	(66,19,19)
2171	2405	(66,19,20)
2172	2406	(66,20,7)
2173	2407	(66,20,9)
2174	2408	(26,38,1)
2175	2409	(26,39,1)
2176	2411	(23,52,15)
2177	2412	(23,49,7)
2178	2413	(23,49,23)
2179	2414	(23,60,3)
2180	2415	(23,60,10)
2181	2416	(23,60,11)
2182	2417	(23,60,16)
2183	2419	(23,51,3)
2184	2420	(23,33,20)
2185	2421	(23,33,22)
2186	2422	(40,16,18)
2187	2423	(23,54,14)
2188	2424	(23,54,15)
2189	2425	(23,54,17)
2190	2426	(23,66,10)
2191	2427	(23,66,12)
2192	2428	(23,66,13)
2193	2429	(23,66,14)
2194	2430	(24,33,16)
2195	2431	(23,27,2)
2196	2432	(23,27,3)
2197	2433	(27,7,27)
2198	2434	(19,102,13)
2199	2435	(19,102,14)
2200	2436	(19,102,16)
2201	2437	(23,4,5)
2202	2438	(23,4,6)
2203	2439	(23,65,18)
2204	2440	(23,65,19)
2205	2442	(23,66,22)
2206	2443	(24,31,35)
2207	2444	(24,31,37)
2208	2445	(24,33,20)
2209	2446	(24,33,22)
2210	2447	(24,33,25)
2211	2448	(24,33,26)
2212	2449	(40,28,20)
2213	2450	(42,1,33)
2214	2451	(27,7,14)
2215	2452	(66,11,15)
2216	2453	(27,2,44)
2217	2454	(23,59,21)
2218	2456	(38,14,11)
2219	2457	(26,16,55)
2220	2458	(26,16,60)
2221	2459	(26,16,61)
2222	2460	(26,16,62)
2223	2461	(26,16,63)
2224	2462	(28,1,10)
2225	2463	(28,1,11)
2226	2464	(24,33,7)
2227	2465	(24,33,9)
2228	2466	(24,33,15)
2229	2467	(24,33,16)
2230	2468	(24,33,24)
2231	2469	(24,33,26)
2232	2470	(24,50,4)
2233	2471	(24,50,5)
2234	2472	(24,50,19)
2235	2473	(24,50,20)
2236	2474	(33,2,12)
2237	2475	(33,2,13)
2238	2476	(26,36,11)
2239	2477	(26,36,24)
2240	2478	(26,36,26)
2241	2479	(26,36,33)
2242	2480	(42,21,24)
2243	2481	(26,37,25)
2244	2482	(26,20,34)
2245	2483	(26,20,35)
2246	2484	(26,20,37)
2247	2485	(26,20,38)
2248	2486	(26,20,40)
2249	2487	(26,20,41)
2250	2488	(26,20,44)
2251	2489	(24,32,41)
2252	2490	(24,32,37)
2253	2491	(26,34,23)
2254	2492	(26,34,24)
2255	2493	(26,34,28)
2256	2494	(26,34,29)
2257	2495	(26,34,11)
2258	2496	(26,34,16)
2259	2497	(26,34,22)
2260	2498	(28,2,14)
2261	2499	(28,2,15)
2262	2500	(28,2,19)
2263	2501	(28,2,16)
2264	2502	(47,3,15)
2265	2503	(47,3,16)
2266	2504	(38,2,10)
2267	2505	(38,2,12)
2268	2506	(33,5,3)
2269	2507	(33,5,4)
2270	2508	(33,5,7)
2271	2509	(33,5,13)
2272	2510	(33,7,14)
2273	2511	(33,7,17)
2274	2512	(36,3,9)
2275	2513	(31,1,17)
2276	2514	(31,1,21)
2277	2515	(28,3,4)
2278	2516	(28,3,5)
2279	2517	(29,3,1)
2280	2518	(29,3,2)
2281	2519	(29,3,17)
2282	2520	(29,3,20)
2283	2521	(29,3,7)
2284	2522	(29,3,14)
2285	2523	(29,3,16)
2286	2524	(29,3,18)
2287	2525	(29,3,21)
2288	2526	(38,10,6)
2289	2527	(38,10,8)
2290	2528	(38,10,9)
2291	2529	(45,11,30)
2292	2530	(45,11,31)
2293	2531	(45,11,2)
2294	2532	(45,11,12)
2295	2533	(45,11,15)
2296	2534	(45,11,23)
2297	2535	(45,11,24)
2298	2536	(45,11,25)
2299	2537	(45,11,29)
2300	2538	(45,11,32)
2301	2539	(45,11,33)
2302	2540	(24,31,1)
2303	2541	(24,31,4)
2304	2542	(24,31,10)
2305	2543	(24,31,17)
2306	2544	(24,31,31)
2307	2545	(24,31,33)
2308	2546	(24,31,38)
2309	2547	(38,12,6)
2310	2548	(38,12,10)
2311	2549	(30,9,14)
2312	2550	(30,9,15)
2313	2551	(24,30,9)
2314	2552	(24,30,10)
2315	2555	(46,4,5)
2316	2556	(55,4,8)
2317	2557	(52,4,16)
2318	2558	(52,4,17)
2319	2559	(40,24,42)
2320	2560	(43,14,28)
2321	2561	(52,1,10)
2322	2562	(38,12,10)
2323	2563	(51,3,4)
2324	2564	(18,19,25)
2325	2565	(38,14,4)
2326	2566	(46,11,26)
2327	2567	(53,3,5)
2328	2568	(40,24,30)
2329	2569	(62,3,2)
2330	2570	(60,5,4)
2331	2571	(66,1,7)
2332	2572	(41,14,62)
2333	2573	(53,1,7)
2334	2574	(43,14,3)
2335	2575	(40,24,27)
2336	2576	(56,2,13)
2337	2577	(44,1,11)
2338	2578	(40,16,27)
2339	2579	(40,25,31)
2340	2580	(44,3,20)
2341	2581	(44,3,21)
2342	2582	(58,9,28)
2343	2583	(66,22,12)
2344	2584	(66,22,20)
2345	2585	(52,3,13)
2346	2586	(46,1,7)
2347	2587	(46,1,8)
2348	2588	(27,7,13)
2349	2589	(27,7,14)
2350	2590	(50,3,20)
2351	2591	(50,3,21)
2352	2592	(61,3,3)
2353	2593	(61,3,4)
2354	2594	(61,3,10)
2355	2597	(5,7,9)
2356	2598	(19,119,89)
2357	2599	(19,119,90)
2358	2600	(19,119,160)
2359	2601	(4,23,19)
2360	2602	(58,6,18)
2361	2603	(19,18,30)
2362	2604	(58,10,23)
2363	2605	(23,25,1)
2364	2606	(19,89,34)
2365	2607	(23,46,11)
2366	2608	(19,105,8)
2367	2609	(6,23,14)
2368	2610	(11,8,56)
2369	2611	(23,54,10)
2370	2612	(55,2,13)
2371	2613	(61,3,9)
2372	2614	(45,4,21)
2373	2615	(47,1,20)
2374	2616	(56,1,2)
2375	2617	(9,15,29)
2376	2618	(5,4,31)
2377	2619	(19,9,10)
2378	2620	(61,1,4)
